54060
75231
87338
34824
86954
24283
45252
139
20452
74064
27994
18332
37382
98162
25532
37576
79266
36426
69264
77017
21653
88048
30434
90565
55431
1734
34297
31280
48145
14192
31973
78943
23033
88467
73525
23354
48217
86505
39525
41149
67902
1886
63988
796
59628
57291
38515
87888
60479
8716
45401
10626
32556
76928
18516
7634
86022
84093
54331
85732
54236
19917
87294
83048
39551
79817
98975
83461
28962
88624
45113
26946
69818
32196
44126
81489
91397
18049
79904
35447
77703
80923
1765
92028
18831
71859
92221
34092
43608
2517
38607
88903
27019
29585
84975
17803
32162
63412
15309
43548
53799
88387
40327
1134
45595
21012
53406
367
44691
31240
28549
9267
12221
19529
28310
23068
58944
89724
95040
33446
9857
17922
64411
15981
63938
10193
22459
96988
28229
96266
13826
59123
24494
87639
91664
92884
46694
21987
70038
8106
78748
99541
905
86838
9542
66410
41777
93431
63397
37551
68545
84629
33094
94584
94945
99627
37285
97152
66054
8399
16620
99933
81700
35614
6906
83007
80058
73897
68286
67685
30699
87190
35810
99035
79821
4853
63493
74996
23578
40384
40993
70913
58340
43789
84427
60651
94950
83859
17912
63122
80949
29047
50300
64546
73365
40690
12046
78479
85512
35008
21800
41326
52097
15880
22827
72623
59223
94531
41951
10394
43797
21771
13783
70661
61902
35009
49459
70287
18829
79163
17663
80572
3979
17640
19961
27982
38938
9537
27536
52636
53726
51950
8296
68241
21115
59026
48185
71716
18794
37461
54519
32048
78533
49100
33197
28879
386
97318
53379
67128
13116
13461
3038
19889
8524
69560
63782
915
84183
5057
73987
89657
72065
72647
54625
81444
8575
85418
33298
86159
10762
96991
12786
58601
31599
33879
30374
49396
99620
75088
7166
12889
87669
62295
76633
22982
48636
10744
15528
68902
20207
72901
64619
77563
76563
89887
66775
55962
20751
93731
79225
40674
33307
55668
14292
80699
65911
79585
18630
57512
76824
32018
5416
53768
52157
94997
97109
12430
93408
59743
25250
23995
13896
65889
40747
88469
68283
39305
25871
68230
70736
1489
46513
61300
43106
24457
19072
74232
37345
64860
62832
58877
3811
26753
23271
1047
90456
65
83284
47198
58811
61375
12665
38789
40644
81513
4841
11611
95290
78970
56076
56958
7686
20617
66176
42934
56386
29073
84506
10581
7473
45310
17258
7593
10504
10193
72508
63964
47498
41008
42299
24585
9649
82893
15152
70010
57960
85169
2408
15554
42102
81701
563
9044
13076
67069
53193
35935
25600
62434
41799
83654
42410
75450
46711
23456
95755
84437
51086
67849
3094
27863
78126
97923
46407
54717
99244
6413
81367
60942
99564
46813
19346
7103
67496
46973
73087
24355
98320
99232
33534
3534
47115
66624
3121
51140
50715
49237
31313
1666
68191
4403
45633
15400
93330
26049
27615
6370
15792
77041
61047
19186
89305
59553
28178
796
35022
92205
36235
2766
78776
27215
32226
65961
8937
72885
92906
88528
85434
44540
54845
57356
52051
16302
12623
20793
38473
51094
7935
24977
55105
22044
80906
62483
82771
79809
6682
26192
60874
28152
25116
7218
67367
37471
48368
78248
71845
41049
45401
23474
41496
50506
88819
5190
9359
68654
65700
98781
85592
60886
15531
81918
76578
7488
7445
55556
23550
68082
67375
74414
32735
57394
6358
17155
3872
1477
33514
97631
45701
9698
33281
47487
17657
74738
33975
35493
38518
34663
32483
19944
83908
12374
92325
12860
54648
17202
61052
26521
7102
83751
69524
70283
57809
9423
94556
87637
88775
54388
99030
35522
3818
52643
39495
78602
17665
14377
68526
73469
78157
33549
99250
8367
6895
56009
91795
47712
68423
41446
35203
17382
90519
13268
13390
23738
42214
38851
79828
49916
51840
94945
59351
85572
63034
14640
94479
74438
59316
81154
9371
24609
54744
70100
70451
13220
97950
70212
39641
63133
22098
24369
41869
65856
36333
34766
52927
13808
7679
94274
78655
493
26671
99071
47409
26970
67353
80572
61437
25481
6710
17425
93506
90854
71130
73647
29995
23389
56470
33274
33753
34025
25405
24645
84703
23865
34084
28200
97709
79649
71043
26655
33508
51291
34712
7234
67305
17752
66058
6716
3957
55943
14699
94059
70504
17567
92311
71380
51133
68845
40761
1568
92601
91221
74029
85846
60317
68999
55936
91094
66011
82496
20787
84720
41414
55738
73343
41855
39266
94161
13650
3717
85338
43218
63831
3075
17072
58434
19284
81205
75407
44936
93133
27081
41020
92632
88166
19994
3691
5469
53573
30637
78062
38210
9206
17159
47656
46910
49896
98473
47264
92730
49781
34473
15665
75743
7487
12014
62686
24001
63893
51528
42083
41666
81813
99497
60774
88004
67403
15300
43436
74383
91032
45024
16809
69787
76206
59961
31951
64155
15991
83316
60679
96646
99125
25373
32478
43907
40325
63999
84470
97200
60829
73407
15582
79535
1524
72885
65948
77006
71041
11815
21318
20817
20699
50340
10608
68830
52255
67034
61631
28261
33328
40981
29692
4842
16665
96213
10949
40433
33646
8714
16925
32516
78737
39631
1764
15780
52528
55296
88385
95529
16619
30201
85147
17368
58771
60204
52615
38624
64046
56767
6492
86865
7095
81344
32706
41722
73027
52517
74953
90045
20990
58948
79958
89425
70356
72396
42072
42707
65739
81087
20665
78955
16461
35692
45936
97334
71172
45549
91155
13461
64574
69178
65929
75697
65297
58215
33981
4073
65111
12897
37647
23195
68890
63585
52581
63947
38123
52618
14783
69010
4427
44261
93032
2693
34317
73430
77608
11681
60819
98106
71255
96048
51476
6303
92331
35611
23936
18305
93298
19693
1370
47869
75643
31903
99748
20627
66799
41893
6105
17853
95869
15188
44691
67366
49363
1582
140
38985
62729
24556
96162
72135
18231
1990
11668
64932
14182
39778
30825
67327
67588
39415
46960
22892
1873
96701
79745
26800
81751
44564
21859
88889
79798
39117
36295
47767
44509
30072
39313
69306
29845
54603
93910
64457
52311
55051
50465
5404
33406
31386
13488
37239
50135
42750
25308
36
33685
1354
60758
14348
92513
1803
15564
72497
90766
90193
52970
70283
91626
70456
45534
85213
6033
67410
57492
40019
94364
75026
65248
59931
91607
22456
85562
92637
32560
25972
14146
13047
48938
84089
38245
40762
2801
31967
74617
40027
70216
81044
77794
15447
94399
32833
20983
21606
8225
50229
35102
10234
8329
49104
56436
11572
61492
97486
93769
16259
38961
71118
12424
66459
49909
91069
77620
69486
34220
45476
6317
12969
42218
69579
10738
86958
82079
15688
5441
25577
67976
68648
71866
42385
45442
10297
60993
12733
3418
242
39746
19200
66496
64735
3567
6210
31546
84620
74821
81533
30229
62829
99661
60849
82166
58601
25758
96388
94830
78337
41855
76826
62316
56480
43210
3564
59756
19488
27021
90664
1837
7126
56906
13861
65409
28348
56925
69025
12253
4634
1726
65498
98544
17840
42524
22437
1713
3873
1002
1678
4592
90335
81814
41388
59791
54896
67892
70272
96522
85370
27225
59786
81329
81808
82275
95272
23606
51513
40022
15884
47009
66489
2113
87545
13666
57086
5247
55642
51486
8937
84090
73951
4490
90871
41930
64021
23542
33836
18586
5248
11616
55291
95243
19127
51593
52915
12307
34205
23397
34697
87229
62487
88556
95806
72468
37903
41485
46606
94074
8836
74626
62965
77682
12460
66463
94301
67422
10247
45924
29960
44834
49025
2194
62230
35431
44003
82970
87444
41084
11351
57489
36641
95607
26518
98208
67006
93337
42863
42263
54674
72880
90039
43522
26999
60118
57032
65555
52836
48502
83544
40159
15928
30031
15190
1093
38912
71857
57154
10920
3589
47908
65194
62430
29653
9863
71901
2850
44108
29174
53294
59204
41822
54757
90247
80064
34308
62826
15943
27147
18209
91127
72058
30825
55408
55108
29299
29628
75468
70763
48840
72919
15771
81741
79050
78609
26680
36370
22688
21685
27228
78734
47711
38230
61544
94591
86376
79232
37233
62674
56702
35178
42248
7845
21410
50439
18341
39
24333
34267
76944
34940
41801
3243
64363
47869
50988
45933
16319
58876
51923
51743
50370
44900
93623
66067
49986
84191
34830
45128
2737
82034
95904
16148
9132
15843
53380
2173
36649
70267
47095
12519
93277
73446
35993
96647
65032
7766
50084
93366
36894
5288
27561
57730
33970
51294
43561
21278
95521
99371
91852
66810
3512
5678
68354
2349
92098
18614
79860
94062
82
73539
68326
8227
71146
90413
69259
97232
24550
46590
22853
78609
91176
79674
66072
57123
72385
33023
54793
78204
11768
67815
24504
88347
39546
68906
97143
1690
56286
94817
26214
24896
10739
39909
56589
10547
94633
34742
86709
70666
25273
86584
87907
54337
49234
78039
24850
71238
28961
21387
25484
58448
6844
34166
33956
85967
42667
15338
90163
79454
69683
72649
33550
74293
95968
43076
21280
5979
25743
68868
62505
52537
94326
37287
78899
88362
44752
87554
20556
24366
94984
37318
5477
66078
41601
637
34822
23065
91423
74995
39467
66781
13046
76817
55936
42578
41582
48548
17524
54208
39407
96540
30365
63713
6863
40721
93928
41168
90293
53216
86266
27136
9033
95124
41769
54026
49498
62943
63152
10431
76235
42855
79763
60956
10491
11966
1935
13083
5455
77609
74908
27685
7391
11554
46339
50885
43226
51481
24054
46424
86038
77013
3600
53217
56568
96728
45771
61625
94524
5409
40471
64451
9474
16075
17053
54301
93653
35059
36497
64243
65913
32695
17037
13390
56560
5497
13136
96010
41801
97347
22866
34405
65703
33572
55426
71314
78985
39992
80799
59438
76283
40454
33775
34058
18520
27908
65471
71238
55705
62325
29048
87775
99551
22226
23162
76448
96185
27270
54968
81748
95090
74802
24336
7451
17691
71154
59204
19578
79248
79159
55002
54541
3946
74547
4268
76600
49153
91220
70605
50299
86107
17991
45593
89347
79381
30494
31576
67677
52300
38092
33807
11334
54056
90476
65250
23743
61671
8994
31594
98812
73474
70457
30735
35802
35614
53132
86658
69744
86513
55072
77498
50655
95214
82990
66889
60739
16879
85119
66842
64076
36510
50992
99817
49862
59328
70196
88638
53235
49438
23769
51944
62811
18962
18882
94098
41242
21130
30132
22597
54071
88284
70893
79482
70901
88807
18158
5338
70979
58945
55097
43380
98510
7394
96597
36026
36342
17164
83150
88248
38141
37558
44986
77169
74684
20883
22710
6328
89296
57476
83727
73737
31826
80727
24541
33698
43300
46937
5642
27841
92486
12415
95472
7355
73289
46221
9887
18933
19067
65794
50014
15779
92865
51584
59626
33499
92995
70139
75802
95221
77440
47614
40354
58113
92578
87060
39606
22853
87437
18105
13862
79250
48081
72542
71656
75042
34015
29043
41364
55120
76217
86516
46056
10931
95905
87475
23820
96088
60371
88798
80208
50428
61071
75692
44977
15203
95054
2345
83066
63544
75830
39771
78791
93537
76648
79025
32261
91261
54359
60263
23766
52029
94355
56120
91984
97981
31907
8353
51077
80094
85458
92238
32925
55009
36224
49219
88639
59713
63288
64233
9487
15534
22466
1235
79857
23810
34127
10604
10635
15105
84882
88126
12265
82994
48526
29601
54234
85044
94858
56447
91192
32191
94626
56992
41189
20857
84311
39351
67824
31345
51526
8584
38391
1115
19765
69332
62983
60040
31402
5315
91262
13153
61846
63436
12914
66305
40239
9476
85834
13517
77915
13216
51114
70032
62568
39881
11916
31447
53400
93820
48266
35173
41690
31642
72056
27316
47540
58387
72717
45513
74812
21194
37571
78098
63718
29252
53748
24063
87991
65523
56580
63035
86009
92890
57438
71205
43463
21084
69686
31855
17864
9605
95150
76114
93240
57204
62836
67244
44834
73667
67977
70295
25322
4405
53788
36615
44006
75835
7668
38720
39213
41123
91085
70130
20616
47710
60857
77426
64677
62029
63336
97174
76458
78247
42370
98476
7366
44936
53617
9687
6595
72057
14172
8712
43960
48761
73614
86421
44507
68069
59862
20216
5812
57193
65319
20647
21900
24835
16831
80939
22916
89104
53924
99135
77826
61973
93578
8903
12742
34508
67794
71626
41339
94345
89773
68430
41450
46312
13758
86095
86760
78389
61597
7291
68303
55544
9143
72205
62890
51291
88083
75204
73737
24889
40367
45471
84437
55044
27689
66039
80093
30867
6971
91577
71887
94599
1949
1790
93987
11096
90766
41385
74737
90304
8429
28445
52611
72548
67329
66776
72100
54235
8857
56976
58104
96156
82798
74089
45701
43208
5380
71824
9263
8977
30895
20439
46146
95878
87731
41324
97800
79484
37315
11576
28570
72826
39371
11538
30163
84929
15625
73309
22657
25622
72886
72549
56884
71150
79939
32561
62361
50261
96382
45861
28736
28890
26868
78712
7320
41147
69520
86828
59037
30856
92482
12335
76680
92790
13307
5869
84997
85859
4500
22352
80674
5825
79342
19157
13219
40930
95156
47020
9106
97182
87644
52364
65779
1091
63277
42032
25110
35929
65307
29202
2310
5008
80781
54979
13534
98089
37184
69252
40635
84127
6980
17892
58509
11664
20740
72310
17415
31883
36515
76365
46582
33912
67010
42871
65518
43934
16254
76724
68095
71701
53238
91250
98214
3401
30602
98567
50401
40679
2270
47433
53979
15367
43230
41197
23493
32438
30717
66394
43365
58527
16342
72233
60808
30870
85875
67900
78739
11489
78571
87320
89943
6435
5349
59968
29635
5381
61275
5711
13491
83075
77851
24178
18022
78257
41927
35648
46126
54024
37276
86742
96545
94898
35855
91571
73740
28653
79123
71661
80390
29823
8952
65039
20322
60470
12141
15664
89599
35546
29670
11216
84154
15698
92856
76273
64291
48176
47553
96144
38349
3802
77797
14974
31774
66102
80116
80384
48550
31121
33223
21119
60589
67212
32808
29997
38821
49411
90769
52565
87103
44187
12717
43485
55641
37576
91292
82843
26933
32184
29906
25041
11140
68928
35870
2150
64321
76704
52519
95619
16987
38421
42418
38246
26186
65628
79617
76262
739
19774
2326
81797
82598
73468
45686
26059
31925
66136
77480
74180
53695
19709
55868
90776
93274
20973
56232
44258
50766
10213
57966
61744
48622
23406
33210
93655
27682
22499
39014
41455
66016
70714
99904
23954
66042
20337
164
50157
72016
12247
16867
2176
94918
56308
96101
5848
81968
99445
97898
69158
81449
47160
21804
85596
11364
98928
89504
43683
27513
82806
6364
81084
78145
76620
22226
51345
15549
66927
64954
90871
98352
13272
93934
81091
59534
64079
95887
21958
23884
30606
50918
27750
24438
54285
57444
36730
73855
79470
98890
41441
28275
48743
12453
67424
77033
14024
34417
19830
64020
42280
1278
96254
16089
16913
25680
68161
96250
17860
13600
44501
78961
25290
71200
43766
64728
43256
73532
86046
64549
80830
99580
91300
9620
48780
73478
58543
2108
22081
45152
32086
28131
86162
53715
87349
92685
92244
83147
49133
58096
51718
37786
98809
43523
28381
64509
86025
29557
84141
91415
46397
72665
66961
95641
30176
55903
9816
27043
26462
5470
18316
40132
61539
47182
24064
95196
94641
21362
4117
48387
27165
94034
4873
8355
64807
10950
78109
55808
50261
39759
70177
71352
84043
73120
65694
93030
48488
79929
35903
41280
4512
75412
29693
73696
53009
86200
97126
33407
11109
88235
297
1501
2180
89349
14273
65438
14354
6079
18876
71310
10572
67370
20934
67269
50330
95228
84439
52966
90738
17318
75605
87969
12073
37281
97191
27704
2262
12422
1368
51231
59685
78044
78308
72029
37237
16748
79298
84111
31471
22577
74862
76939
33283
82796
38674
53761
2465
93364
58288
64222
44816
16969
12271
41610
62030
44585
95711
12210
46853
36028
18314
88480
60966
16266
14074
71366
97125
19885
91361
55033
55377
88769
75272
93018
91246
24567
1208
83536
8017
83401
67295
50993
10935
38632
41055
93440
33026
53105
74649
82447
66706
75198
18449
43206
70044
64280
39454
42364
24905
56650
50096
18242
86285
14417
7646
30783
77025
13392
91596
98870
42304
46528
2485
50628
42939
10085
38043
5861
87962
12283
50280
97622
83408
54607
21471
97941
9817
69162
61444
51588
57971
76776
29989
6381
83190
33255
6468
27135
30992
17723
31650
42679
33025
96958
31881
74106
50993
75077
14230
83710
40937
27054
53409
96009
30869
40820
85994
14577
55187
82885
99458
37122
12888
90027
66291
28510
6176
15783
69837
30142
66415
96316
50382
56311
48713
647
19021
40152
62187
4652
96196
84048
6916
53291
39511
46444
77523
94770
48485
37822
84798
36140
80618
95257
29868
3287
73134
77817
18016
19315
60494
82783
98770
96086
27333
89530
85387
43453
55958
21025
58877
42621
75289
44669
61470
94520
59808
16132
87199
64906
28132
0
14477
32515
34897
75566
16834
99183
66474
61665
81225
13969
36795
42983
99085
25070
65178
53828
95132
83014
81464
65722
56701
52797
14313
202
87019
52375
60238
11060
13293
44611
50139
52667
14580
79054
50154
29316
4080
32664
17340
42972
61583
78596
82503
83641
37043
29736
24640
33209
65711
97221
48294
83911
94910
84016
8265
82332
12800
41839
88533
3809
98897
19327
63871
48627
94568
37170
43370
33568
98505
1814
79094
83789
30887
68880
1127
63546
51898
81992
70445
5597
72920
52894
10261
54443
31796
49498
53515
44085
53904
62113
83914
17615
42943
63492
81314
16172
412
79122
57189
54149
64800
36621
75822
34808
23332
11994
92718
43693
89236
52306
95924
41844
83980
3766
54585
16618
5266
60479
34565
66363
64175
32275
20161
75809
57835
59891
61338
20202
84900
93778
23598
62296
38923
47521
64727
27073
74779
49509
44273
74487
87575
79945
76906
26050
35550
57711
90533
64009
29326
90530
88426
70288
55474
31624
51438
80476
5673
17875
79674
11793
37941
52662
69275
30428
54044
73653
12485
93260
17535
45237
69892
30235
30805
7314
35073
8203
44547
56944
66990
73868
4762
43209
35630
97338
94317
4804
9604
69059
29741
15879
79286
84773
36931
39747
39005
26870
64201
89006
41836
23869
88837
90382
97243
61694
95747
64241
34383
61780
28174
78394
26183
39094
85867
17686
88870
13532
17714
89868
4280
83834
48234
73618
69986
51563
30080
6940
26187
22409
94884
12048
12257
18393
47680
4437
38377
97796
22165
83658
15879
2591
22164
28819
90117
68492
75829
45005
95556
43033
8152
9219
43581
90406
21238
34137
79507
9669
17794
95206
88695
50522
95106
4062
1686
42466
85220
53517
37667
16367
39519
14400
67453
16369
8231
78334
81276
73233
94508
85844
23422
13239
20464
83501
70184
85163
36547
8224
84635
63928
68893
97731
4533
8365
14519
54622
73281
25277
12710
78906
7868
92966
83477
69177
84837
29358
90686
37727
8736
87018
42180
20909
98278
78329
87984
77550
21837
41068
32262
94091
42864
1033
53124
5081
63803
46021
98359
74002
94165
81198
93945
26689
74121
91659
89291
84119
45523
5883
65898
74202
41380
57978
2961
31773
66578
70658
9516
83755
70719
56878
36340
61309
7877
56282
88395
76043
84091
14758
74742
52607
86374
6265
530
38533
4190
79202
3860
62558
77691
54330
6337
54548
93693
56038
76903
25288
28373
14264
84758
2887
40084
59156
81279
75419
23533
32624
40775
72222
76649
50709
59783
14761
872
29699
33668
76266
68655
97520
11142
81332
58418
41873
70167
43088
65950
52017
84474
83026
27779
47966
46917
66118
97853
13379
97404
21385
40063
93680
20971
71156
21531
70390
71424
37619
85391
44046
99587
56661
16271
48889
74355
34139
5002
37730
78239
78003
80636
30432
67005
87006
44657
47064
43754
1677
94801
49471
50463
65835
55916
10940
876
41300
75266
16108
44724
13507
79119
19295
18788
38248
13874
31872
26129
15417
81113
95987
31117
84191
40555
72150
94118
3153
33105
18153
32187
26335
79682
12778
92412
85445
32777
34010
42941
95519
40341
64155
72214
95611
17565
48443
3386
34697
68750
10090
40850
45040
43218
52486
93494
99098
32223
87096
14279
24688
88217
94423
37676
99776
75301
51499
36390
19642
68939
64076
98674
73754
47078
33833
13019
52512
60492
60676
88410
61980
30005
66330
22251
836
89258
73857
53229
67784
1899
20586
14229
24188
12476
20421
61743
1908
82477
74820
95827
36623
78533
52312
72800
53258
80970
41015
8792
40661
35696
29535
80247
48579
10780
3957
42384
69915
94771
75334
45894
1899
58659
87695
39781
47356
12302
53655
68763
73056
10351
63865
51510
90984
16555
32320
20058
73522
42549
68908
37599
18400
2077
68817
38917
59364
16502
19198
6517
48055
49378
88827
6774
6025
84701
1387
54409
17330
90467
21073
57345
62631
18239
73487
95362
61961
36785
64938
91317
19607
48922
85225
5445
77923
28551
23452
50457
84386
46808
16954
75086
37789
53676
14242
35536
69797
56331
12323
12054
27875
3247
28855
58167
55149
34768
17674
51244
50581
66571
13305
83396
3804
53390
9269
93982
18787
94146
93414
43814
57698
56342
17612
58735
25361
59876
75777
39305
60099
53954
89595
2304
67251
48039
41549
67345
55671
21271
64045
94473
22833
98157
46640
81595
7589
88485
90833
45854
55716
69347
41905
50689
24742
34499
7385
21356
12983
25694
90395
6644
44456
68277
65974
91546
61766
32061
30871
89890
19880
77864
10077
77291
60801
42156
61717
9711
70966
61682
57252
87992
51594
69565
67395
44477
39764
78644
94116
39864
57010
13870
59507
39814
34615
9977
38552
67322
17311
4231
28441
53310
74404
30262
84765
53063
96297
86874
29259
23699
56563
90890
54032
78082
68408
87971
90751
18382
26255
39101
24850
37385
46951
1160
23791
5362
6612
99234
19431
33363
31524
17176
97240
43866
83663
55510
19441
91953
50573
99661
59925
92700
48545
25312
55513
19791
27027
85995
11880
62761
38492
53841
74279
24113
59578
18497
57554
90156
44803
11555
90852
5944
69335
70660
74294
393
25198
57628
7551
28029
5584
66808
76985
76541
89795
7977
50884
4946
66687
95881
43108
47042
15038
40485
96838
93350
82799
16971
8000
59401
27785
66993
24853
75391
9149
36095
15736
79839
9636
49467
80744
14207
15927
11951
59514
90602
21214
87161
34805
53409
80608
79023
95702
49931
2521
45292
15091
96282
67465
64988
24989
54684
36393
24704
11134
72666
70649
58686
11202
62129
39957
97064
14195
6730
68678
83847
94172
81624
61172
71364
55151
81774
85913
65554
65153
12442
87729
29340
4467
33570
81646
87591
86636
26714
91016
91971
47554
64638
27697
28083
86136
28626
86470
41271
26209
44916
2145
22642
26435
25467
83307
84125
16310
71662
86032
49703
96651
39203
32683
82759
99818
76626
9184
87904
64467
40790
58152
69391
38854
56320
21095
73844
73439
78039
33785
81883
58009
40304
19691
81062
7827
19461
21895
11449
74191
81301
81863
13569
247
20697
50730
56033
29147
58526
1668
25211
35349
16964
18991
8632
7054
70834
23744
31284
20185
68755
57973
84329
16988
12017
29770
87606
57072
64012
73674
14475
17598
5751
10018
26804
68233
22032
71154
21248
3754
60026
23741
11628
63798
12121
9120
42833
11965
20009
36479
48487
171
94843
75707
3572
96369
66124
33856
33846
51838
4196
92666
69352
59558
49608
66311
72820
1957
8989
77512
34037
35549
28730
68177
79880
32954
32968
36608
78639
67031
19993
70890
94529
43290
8609
92785
45042
11162
2966
36817
20090
16161
26016
83322
23300
80428
81052
34296
49013
11919
24243
81646
72663
61717
64434
47938
2370
64165
92838
36625
26278
28801
62901
30115
12630
88968
91292
22745
77364
26875
19425
23427
72310
73053
32788
86670
92338
66483
96487
68251
99180
25419
84518
40618
81560
60088
86677
59893
50541
16059
99398
6329
93161
50910
68083
27567
88987
19963
4893
72154
65777
86297
69986
42840
39454
60086
90645
97499
77095
32992
19357
83090
81579
51133
7787
94848
6477
75626
64697
89038
70943
4928
20764
7100
64589
78995
20230
67154
33827
56693
8507
95989
2619
79960
44749
88150
7303
24624
37814
74532
85687
6294
74961
62241
52840
36777
50710
10802
83146
19374
51600
2608
50635
24729
29693
99868
13381
8228
41825
96016
27201
48284
53895
85104
82407
81979
18806
53087
27300
83919
28427
47053
58326
77786
97561
39758
7638
61683
72345
97734
4962
93001
79056
86593
50246
51912
77116
45919
33094
98132
65018
71596
62539
20370
49335
92974
53864
78630
83984
18391
96520
13911
43881
83707
49943
98671
99015
85915
14089
95423
38923
79903
5834
73215
19723
50115
77314
84466
29294
8072
80036
86504
37827
97451
2101
25277
49886
41683
80052
96894
23025
62500
50730
86540
51300
74096
63598
62970
71600
97869
72213
3921
46077
39074
91221
36242
30326
45179
58101
65787
65126
33692
8051
24131
66257
73393
64785
96127
66865
20036
81116
40199
13292
71080
94107
86707
80494
19731
58257
31294
30344
28392
20942
72557
74597
1810
2584
74889
13413
50508
51570
91815
4376
38077
44806
24969
21560
69090
95028
17790
69155
75364
32311
75076
89268
34408
23824
8558
17213
74245
90994
42880
76964
68720
13481
27703
32823
24083
58951
90246
6924
54396
80077
72187
63353
4273
75314
24543
50700
22690
42035
56477
72905
97463
44631
94202
20127
14664
91294
16962
62053
74731
51813
53924
19670
71368
44985
40659
34437
40809
70262
59629
25151
52589
80218
38169
57852
97724
21674
82729
1025
83028
74817
2399
21174
65409
721
26572
44191
80940
9207
55603
23897
5994
63712
9453
96338
8821
81297
64613
26437
79993
24056
42691
14930
61540
76045
22854
98966
99232
58980
96650
971
44157
22033
89322
84670
66375
73400
42303
18473
30519
93361
83782
93485
23206
26293
79871
37198
53947
70823
84818
5323
5317
78529
85772
59448
13989
70554
4487
21690
18179
78385
57959
18494
52385
47641
10817
5270
30156
66753
88214
76049
65294
86751
12669
87990
72897
8280
27263
49117
34654
93934
72860
14282
92532
79879
93355
15527
68020
55766
72990
39100
74984
88232
36580
10126
94948
53229
95175
24145
1108
39840
34390
82155
16085
32917
52030
57479
39649
50879
5553
88467
88258
28219
66728
97782
34279
35068
65060
65809
16692
32275
8688
94737
96531
44091
76131
31406
73769
63327
95266
38212
42148
52969
69762
79883
74928
96967
74635
62389
42057
69084
6776
86403
42922
65728
22266
18916
95076
41589
36221
84300
27498
90791
16930
7853
80841
67807
46635
70644
60853
72005
20693
22946
59807
94703
53951
69189
42563
72330
40202
61939
52509
96547
53785
68387
31515
31603
43255
15911
92846
23589
12919
73418
66042
70437
76790
84162
9293
9927
30910
62290
7948
90673
15716
85407
12297
33318
23793
40909
98353
16944
18781
75445
68130
46633
46615
87749
32537
54695
13697
92468
32489
8641
96152
90496
98600
82818
76498
35814
42563
53960
46240
54461
86898
87993
48659
81744
87686
83588
19643
13270
52703
42479
10154
87280
3643
82434
33270
4446
94408
37679
57790
27134
49658
43581
2340
33218
13495
43664
32121
50509
15056
45782
50678
39722
82379
81936
79782
64904
30491
77883
66369
54230
40145
80154
28083
6487
69996
86626
66876
47042
17643
48354
38576
16506
22915
50988
85534
98148
86765
35652
58382
67946
31287
32165
21092
60139
49914
42186
73345
98716
58507
5440
59656
22655
93035
87013
27742
39231
25849
58524
91018
50693
38632
24881
82397
90298
45163
57443
74219
78074
66636
47987
22743
41905
91580
57160
63021
55477
79108
40924
55432
34879
7930
37702
54164
99111
55920
94212
3661
64955
45639
41797
25927
45659
73185
36817
91079
89173
47091
80662
46286
3512
87833
96208
18902
56823
21603
51251
59573
18364
49197
1368
65023
70790
86957
72770
75240
64416
16997
42924
92486
7135
62393
46673
15541
89112
92506
60087
16404
85500
30849
4760
14828
53842
51863
18767
21681
80943
12977
29308
52129
12724
95481
43764
85418
55811
24967
82280
48840
2399
25518
33327
64492
9632
25235
21043
77304
80176
24345
40437
18534
64997
37496
28862
84809
61659
4428
2884
30507
92205
53257
61173
76437
13648
33483
8994
36205
96621
28300
26443
55001
3256
95471
8387
72739
23985
35418
81472
78261
67319
6688
70849
39555
49412
26556
56668
7975
39593
15290
21763
10632
38822
14159
24018
16052
43238
24809
67064
25452
72629
33504
8000
50463
3679
29804
34363
85326
18663
76912
25803
30223
91808
66645
41070
59086
83852
5713
92069
88525
82094
65958
68384
70123
88942
31047
87081
91043
13417
69909
19561
98923
54257
32584
72315
12957
29480
94440
99755
46355
15605
7292
7561
29483
5281
13497
68400
66890
79633
52476
73838
5245
71456
45492
80528
22010
65943
24310
32876
82277
46476
24307
66858
33167
82229
79367
52047
38296
9575
65672
78279
52693
83311
83423
73710
30061
21484
62611
33308
82973
70824
75296
1899
17115
62577
84935
742
62072
23768
10111
8911
9215
51652
78217
40365
72794
62292
18817
54193
28307
88688
25456
93923
8504
88042
74495
80558
14328
44023
71622
28996
43722
79140
28290
68079
85388
2774
32580
91062
82729
89634
22214
15880
6804
48614
21241
13992
48113
24738
79227
42644
62387
17078
48324
46260
79232
70746
26207
93148
44336
62868
5589
83102
72020
39705
50948
29391
46420
28451
86095
48084
22705
46795
21296
44585
76009
79684
74249
27821
16824
97460
54647
97710
8955
33327
67015
59852
5105
82097
85251
89837
61466
75928
18213
93341
93281
86108
12396
18495
66390
2476
14540
9268
63476
2919
48032
12870
96961
83443
39035
14898
89844
60157
1148
69265
24304
60621
66207
92033
1519
41381
18351
56020
85018
42903
23642
86229
20980
65504
9566
29394
99607
73701
88191
92298
30678
12968
32858
87765
33985
42599
80563
50922
95655
48561
88715
92401
5814
12454
71310
60998
98814
4426
28072
15750
89939
51621
22711
87866
86225
25594
10172
58557
73978
26242
29067
23787
46075
22308
31266
73032
70540
25940
61591
7049
61494
34149
50634
76579
47024
60876
10649
88879
68930
71731
95889
81431
85386
16662
34242
85088
89660
98941
60300
70323
83844
40215
40342
35625
46119
66191
15773
81939
50503
55502
42569
13028
2246
75885
72155
44699
34498
65108
62019
43120
9695
40244
5679
12474
5122
70334
46173
65979
79161
13886
38673
50442
77272
3863
1730
50682
83774
67452
93422
91787
2198
98632
1230
86957
56985
45563
9349
92845
61009
11762
87090
45662
15993
28034
78116
57445
98752
38768
40941
85344
97036
97136
93775
85779
63290
20792
96595
19793
69892
96255
47257
67300
15932
87160
66506
75386
67829
6949
65481
67244
31457
33658
82888
62187
57620
8016
16310
72457
16551
59426
87862
22114
25977
53895
25771
30277
50064
3180
5039
31746
8541
58861
3331
33074
40765
96048
72129
45566
6428
21343
28397
96493
66869
54720
53834
93773
76724
65522
82472
4829
98908
51014
13531
98196
98852
10744
18568
80722
19356
11048
10456
54434
41069
48442
52495
80296
14654
12678
42806
18861
75476
54108
34612
6403
84785
82648
2747
64951
77469
99517
34879
2035
6530
57522
51810
56557
92785
30390
16682
57007
48290
59265
23028
54659
49528
24920
36097
89819
15715
67500
49134
90907
41503
93168
43458
6468
46906
74837
26049
12285
33395
11173
93982
24287
71614
77368
41005
98846
21668
25653
68597
73967
103
70601
324
78043
87075
5917
31741
40447
97807
71671
25901
76572
93635
1168
68764
75297
97588
4909
24158
56787
70651
39868
19753
44055
40723
35853
67937
82268
76481
61674
98574
34056
45838
12885
1199
25821
84080
90493
4840
48039
78055
16060
48439
23428
15395
95951
58949
21457
18658
16947
3511
89422
3511
68312
3716
67437
5926
38949
39073
59644
524
57353
79544
46187
38684
67737
69496
26332
12036
22922
27525
42664
45166
44525
83056
2856
49762
13762
98177
21254
93321
47642
93776
42336
60236
22253
3028
9781
11291
6868
18675
47888
94217
73125
97976
49071
86549
48809
85634
99631
94243
91163
77816
40085
48617
37631
13755
475
77286
69948
88628
84757
4620
38039
69261
73183
14046
10382
21948
93157
27509
21678
26713
1326
71165
50802
72656
91526
26332
15128
13426
20551
21458
32641
9926
53187
47003
86981
30461
16913
54738
497
88419
33361
6512
76703
5649
67869
51602
7887
4544
79823
