72954
44485
84886
43819
37395
61616
98647
15717
87453
84632
28168
12053
7272
70055
80058
16458
15651
80246
43052
25644
32226
40037
33373
6946
18363
58292
13980
80958
92362
74144
91996
75622
85972
65597
21571
80640
96968
64333
37538
17305
5729
11706
16158
51154
45097
85622
97325
47879
79096
63244
58876
97149
94682
97154
98541
63368
43982
76462
42590
59414
45450
97298
31204
35995
63004
52981
85783
64474
21228
55136
29510
99661
46621
72241
73420
71570
63410
23839
97946
51346
84205
5323
31828
95886
70930
81824
54712
60104
35979
29799
10680
44491
93317
8681
6505
32056
66007
17633
4852
3151
13698
26269
21898
8726
55988
64881
69044
45513
56743
76280
11528
99134
81126
47145
42903
92243
99152
38994
98020
27479
71733
63187
3855
36626
10461
71545
7823
19185
5416
21653
4031
8882
61648
82425
53615
17832
98666
65870
91931
92875
48716
73365
39128
17024
56200
312
92715
67393
34519
11212
15860
27944
7345
46822
39591
11037
67480
96727
44187
36025
22324
83877
19643
72983
21945
55687
26747
54742
82725
92924
77124
39949
50661
19721
80592
62156
89079
93677
84466
40426
82378
62307
22540
70737
23810
69396
15716
46754
69528
86070
7568
84069
76126
82500
36398
4466
24448
27803
80080
86869
61126
57839
60949
90370
33622
77672
70355
16213
37174
56732
5776
99460
78383
59178
89808
57507
64909
41872
74953
47572
8003
18794
95986
44425
92043
92744
12698
47287
9611
68906
8309
66233
61427
98715
92304
44446
60579
46343
43430
84816
85482
39769
47403
25698
777
44726
8421
5781
45109
35440
61947
38919
28892
16968
6886
37112
15999
66787
1188
24986
20093
34503
3307
47061
89104
33619
70874
63413
95568
9017
22443
79537
89142
67352
75525
41592
74908
68890
91758
3385
85663
46406
32830
27727
18118
1091
55183
1191
13021
72651
35280
80336
71866
95271
4600
81374
46336
28461
59735
53147
13282
90578
20392
4235
81375
99629
6339
82778
64619
61770
61424
75300
49647
26088
53494
48896
50727
26672
12529
50122
71113
36978
96449
62508
81221
76061
22847
72744
6184
2651
26763
19844
94363
32263
82688
7667
90504
6828
97737
10460
21276
13915
58542
45001
58024
88584
52294
45839
22466
76322
2064
98900
83240
46765
83997
21826
73156
93118
90756
4262
69515
65330
89369
81637
8608
80267
90200
27837
91542
88072
65307
403
34130
65984
4331
46590
71950
20027
61460
37614
83578
83789
83569
15482
2078
58768
27206
53926
41882
51453
66892
8333
59086
54790
8166
54065
85749
71539
23603
13308
46732
34199
95293
3185
40209
89230
49902
25748
19623
76406
45634
19
98389
97158
43159
27632
5582
96783
50912
86092
29195
5838
37978
81745
14612
26699
16662
4060
84831
49778
19541
56389
82543
67595
65522
81068
51901
22520
46392
11618
58548
21227
70068
53393
29110
88449
71494
72297
84380
76734
87249
60168
87675
49254
37618
20549
74050
47413
30701
46970
56832
98749
69858
86923
22914
97114
79647
50711
78650
54899
51503
44794
98715
17167
86768
62492
10849
71568
84898
80282
7278
66801
20668
59535
92558
66840
96216
69406
74108
81368
48654
79391
3997
85671
49119
92420
73418
62582
27592
51558
97164
11858
56374
56113
26592
22965
98648
44968
47066
99370
96624
88983
59525
60892
30084
83603
76808
48121
43793
90736
51429
36392
27583
85855
14171
74756
50607
33377
14507
27092
42960
54669
99383
19849
34386
21690
91910
11603
35986
22730
69189
34464
65619
41363
75559
36210
13358
78954
76493
64732
9408
64686
97601
37689
17442
99567
77372
14345
83318
35897
25544
97256
50173
46273
9087
9101
73829
83210
27986
93724
47360
65556
45606
17384
48272
78403
58968
24169
76190
56359
17601
24661
55241
59853
14837
90558
38556
87937
26438
79721
26488
44894
38053
85574
61393
33524
72488
27377
18037
46357
32935
80579
70182
81372
54817
57557
72937
50490
17051
98099
39831
78910
82344
24697
7281
81985
41829
88141
17136
6635
59899
40472
32538
36357
1511
37250
28593
45116
17462
26633
73029
58958
53610
99390
11946
27701
28090
88924
53924
73229
80725
76197
40255
66852
96775
95739
8091
29917
63924
28024
82308
29376
5281
79755
127
77634
60114
82768
63649
68556
90542
44266
53434
18218
28542
33759
49422
37075
52501
13776
46500
34896
88074
6676
68152
11883
32480
13616
95115
78550
26182
21045
82810
64468
99226
25526
79276
44872
29513
34788
28036
31352
91474
18887
32407
43197
86440
81915
2103
81866
10774
13126
2990
66551
38780
17202
47559
71689
96888
875
52005
67167
65344
58006
87223
77915
89804
48139
83075
52012
29809
16465
74207
38996
71079
40949
44288
88954
67212
40007
39945
4015
34337
10705
73669
29205
61266
81140
89903
39344
4947
46912
20078
18573
75494
72368
85631
19626
22938
2624
94986
75297
71341
44781
93047
53076
26673
17767
91257
27830
31245
88757
99944
80404
91290
87141
74157
61759
32462
99022
86678
96726
35638
51780
48201
59796
96411
40727
72917
94547
18311
90153
33668
20156
31329
32714
58285
11725
77141
38802
71911
41573
80527
68698
4311
5967
85701
47767
99498
17064
63124
11284
59294
40910
24579
19146
21050
42792
99140
81151
19039
63948
78457
11353
13398
32657
28595
11837
13480
90194
19221
26409
93708
9530
44119
9706
69243
79730
77350
6010
68256
38629
1193
60825
396
76333
39583
58471
23910
32124
45188
38364
53631
77160
70963
89764
80258
89811
60196
39163
88650
18230
28854
97536
9231
9578
95592
85593
98936
55763
80098
40547
80596
92746
49745
3187
35876
65477
57711
52686
85840
41701
26592
99490
37594
2651
94808
5375
91087
14327
1563
44534
92185
25007
45629
32908
19953
649
34824
50042
4786
31654
62459
15205
10153
59498
37583
66549
47529
94380
59861
86036
44924
42262
79611
33124
14419
53081
34286
10877
19134
2801
33946
7555
83351
18832
84044
4320
52888
14218
69048
86915
91597
3773
77750
70740
71524
93658
53479
26642
14529
14900
43222
51884
24590
14148
11994
55192
50384
60631
15288
29075
4372
63893
53605
11542
85480
32782
78825
76721
72039
12930
56382
56358
85324
58189
45496
68677
7080
29998
83999
80544
17422
48979
53143
71626
62827
21763
71169
36369
70835
46311
51066
49364
44982
82518
41025
61602
30706
3227
89750
35698
95426
58181
64958
53401
47956
77419
62403
68651
83993
22010
98616
35377
26357
36956
12730
28163
87062
615
26002
19938
34401
90495
84696
50644
51719
46856
79153
41373
29015
28749
7833
71511
30574
26598
81947
82478
62857
68362
66492
57819
8699
28817
36536
46842
890
68003
6469
24938
62067
82403
89492
81216
70590
62834
10326
78024
90636
35969
62490
4954
1564
98423
21012
6773
50158
4666
48890
91610
25487
55134
12552
52136
67923
17255
91747
72655
94144
83549
63450
28723
77862
99979
4073
97407
20717
4340
21944
78659
76104
48211
42624
91148
3717
49548
46605
97023
65990
30357
52574
24402
73769
76731
49801
76742
56323
26610
67068
57572
97484
31996
76383
85139
98068
79413
35157
40788
78708
50617
89986
73146
83006
28627
11782
18185
16118
27459
25158
24010
30586
29258
54796
97096
69117
64053
96421
54698
77873
52292
77384
84269
58722
45494
36567
3453
13664
44627
29181
84209
98741
58197
56
20640
25589
53492
55536
22755
70770
74765
62821
29161
51535
66894
95911
77105
88173
25536
48990
25767
52097
73937
18090
23102
59078
17054
88293
30470
71663
94682
92453
29930
70069
41213
19486
1290
90062
77355
80003
10352
81631
40927
18765
74352
17096
91764
71860
53889
45085
77553
3258
4370
44982
559
86503
31371
8956
19848
15567
91809
31203
91741
54640
48885
60567
40099
93304
10634
33871
22764
22659
48034
93855
84782
43009
40980
34601
14706
15798
44011
60979
46939
80891
53118
17332
45648
1187
98631
57191
23080
1080
26051
56194
39921
85763
28805
74625
18877
15210
87671
20475
99786
3059
74158
1078
1164
22823
89032
12791
44377
87794
72197
78417
5713
29191
26335
19807
70280
86817
61640
82637
68274
62787
31551
69967
72938
63233
32782
81653
96350
99032
22178
55383
15386
77304
77576
50538
22255
81410
90945
91541
8128
69132
2914
6717
59689
63265
81994
1627
70637
48165
47104
84752
42138
64630
26249
64719
99931
92399
46563
75288
71290
3174
26529
59589
49072
30517
13924
50813
90186
68822
39922
82823
79929
15623
64309
79544
85623
32108
79987
51501
82577
69364
65829
38292
77141
24980
36502
54725
61977
62672
40058
37806
79653
93912
39592
22251
34751
71183
75030
79989
42737
86918
49391
22577
60985
13639
57268
43369
22253
23374
28684
66680
67112
20529
22089
30655
46774
93569
13369
35285
93944
6217
17573
64155
82260
43442
76874
12780
72380
67273
42577
49268
33817
41144
94221
3000
49172
78801
5873
23603
60832
44874
37963
56129
12936
91553
37921
81555
90417
78977
14406
85443
15275
55741
45785
45922
82617
46649
96411
86637
31354
82344
15019
34302
17972
60943
10367
83039
28445
42921
92993
23481
22245
10180
36868
71818
48771
33256
74401
25237
49242
13784
9138
90900
58823
59569
23275
31272
42506
78287
29136
99601
69231
2479
49558
76441
18744
43215
36282
42826
65320
30770
37272
640
99023
70143
30442
21305
43853
40169
57149
78793
62533
97322
53809
47178
30496
42984
60493
90097
60410
48761
53916
68572
54765
14147
44680
2631
44696
66300
10865
69150
5195
43344
38890
5356
20434
44737
53905
30449
83643
57033
9513
71123
13414
14459
4278
48396
54121
45095
99412
28097
98653
16668
26387
20722
75464
7495
39635
82541
74823
63482
15065
84861
46808
63656
66731
20384
62338
19053
65998
81751
82721
14347
75513
58006
63922
15631
98197
72635
47127
16433
63731
35003
89735
69114
65034
42008
98517
28672
34348
20687
38812
28653
51781
7437
29124
36318
30671
40450
65651
41511
41556
55662
74803
212
85057
14167
74075
85482
60866
36573
68861
61259
79584
16325
40428
5976
7413
12145
65288
41234
60872
51184
33960
67033
73193
2418
81890
36949
62570
87924
99577
82451
85015
65754
54404
30407
56084
13338
93943
25584
76594
28469
95953
89657
10446
61121
16961
61115
43750
73537
10261
20224
62681
69398
53312
45346
57082
49646
4967
11602
64143
86395
64265
82357
92204
25791
30217
69225
26408
83427
7001
9413
69273
97831
19365
45150
46193
5876
91481
41989
67860
19373
40591
89934
17972
47971
86937
3404
85291
4391
94983
28024
32724
17595
42006
91281
36839
47138
62837
48541
35055
49686
11893
16813
17642
19672
39565
47774
6364
54529
7975
24476
89072
32023
11179
41505
60108
42588
46981
14203
3888
20321
82517
60460
1067
21751
18676
14251
99642
19014
32446
76008
606
36630
39136
91660
74105
64491
46910
74302
64869
10958
87457
98786
28784
26149
25756
96093
23831
60101
84122
89076
81694
85598
2150
18993
7882
81301
37367
66119
60539
98959
56245
33933
52810
27144
89868
60774
89306
32164
16492
21218
37950
65725
5434
86941
61671
71035
82552
66117
19432
71105
27787
65945
56168
2596
5742
32556
29571
64375
5907
81449
98878
71681
17617
22001
90117
41968
60495
77919
5667
18599
90091
41325
77244
13523
8647
29584
6922
88699
98800
74653
54707
68534
68717
91695
41187
48022
4801
21761
11883
66114
36572
1141
36598
52705
65156
90679
41444
63794
3835
45404
5733
48185
5294
59332
75155
41236
69498
91518
98732
29355
8763
25739
79211
99622
47058
53050
71234
11256
14578
96467
95478
62585
57927
46799
95095
56626
37891
32932
39387
98097
59814
58879
31382
91837
93482
81194
60855
79395
32585
73069
23170
55342
28011
16464
29125
96726
66447
3455
25722
92975
85109
90342
88568
13474
4134
71835
7606
79352
76737
1212
79422
91155
26435
66221
39593
79767
43218
62308
57660
91557
76902
87328
67007
20649
72981
30803
94422
67049
15513
38464
57022
36702
54112
87455
4549
22655
98415
83966
79878
63192
96724
82754
39616
41402
78279
29483
96371
52684
34395
71349
12790
10719
59463
12410
16567
7967
12204
95349
19344
42853
62531
16194
47682
521
6949
87746
44817
34965
12085
44442
6364
72149
29101
83802
88215
78666
94468
53755
72647
24062
99417
47554
23097
46354
54463
7713
35839
77684
58341
80317
59784
59756
75745
9930
4059
94420
1848
9810
11984
39912
48556
5972
18347
19251
38691
53897
49846
40521
52400
68162
82105
29907
58912
33518
51417
38501
90211
88824
43658
58060
57300
80684
4786
99299
65895
71194
79132
45220
73263
89171
86518
60635
57641
41841
69351
53142
45704
88275
12432
98265
43517
55525
98974
40527
68131
5214
69705
98811
18085
68323
37453
65579
18157
9897
56834
1102
90889
61463
17274
57948
49531
91850
33782
51700
71038
99251
5317
96707
41041
52091
88954
12736
93217
37926
88809
8853
17751
24693
25503
16887
8186
69702
16059
30006
74755
20886
43564
63184
44316
25158
77256
2912
48691
58011
88966
45653
35425
27519
70168
46845
20529
31814
56393
25280
15375
72587
50063
64424
16431
24600
73549
19006
31735
56228
65448
67856
2570
76119
2724
77294
26226
31273
40730
52053
55881
13737
76184
61251
84964
61306
28853
89800
12637
43031
82223
93021
21947
91062
3235
62159
74944
31723
41416
73876
66383
36707
27177
29758
85496
61329
33149
81325
46817
90886
2725
57342
26066
74521
3585
60449
44125
64230
60367
12233
43369
50962
91617
93885
52730
65101
7162
7595
21118
89648
45829
21852
39222
84294
95153
8803
70591
95431
69933
19694
79676
59648
47612
43871
72130
71598
7093
81525
51679
9288
68250
13379
27336
25373
95155
8610
40062
12051
88295
87874
20124
36814
44886
80123
78240
46673
97013
22787
74643
36959
7366
49752
96983
97914
86964
63228
9100
68109
22984
39201
16895
5189
77419
9178
45071
79257
633
56177
13821
81643
894
97431
72751
65415
22736
56886
81345
22120
87464
63106
74922
70330
62430
7086
70630
17754
53952
43322
18341
63513
60046
33610
96911
41247
48469
6674
64754
7341
5511
89870
88522
13147
10900
83886
19019
37600
59207
41487
63022
26927
73406
77284
37270
1214
87943
35091
24478
54883
6804
14844
67873
89719
29499
28148
71717
94556
43725
86736
80996
8347
24401
95805
92601
90245
49084
21356
70724
33468
15534
1674
67609
43178
69260
54638
64875
37391
58966
71564
81457
23704
21509
87014
50771
28170
45571
83330
56659
55711
63590
89751
18170
23431
28010
86689
45214
51823
20586
91380
16621
3519
57883
93293
43864
10717
2310
47459
76831
7632
74271
83197
16533
51999
46406
30781
65232
18647
49242
43194
81743
35051
32757
9643
32552
23798
776
12511
42509
14940
30899
54794
71002
3854
9537
7898
2494
62989
62718
40616
63972
51622
82006
75337
51677
45883
76844
62244
12715
5378
17107
46878
6572
36518
89421
74513
93473
1899
11837
70235
91418
70064
21067
12979
96801
37709
26419
83766
2271
8956
70858
95039
56270
80596
53135
64118
56701
34415
60906
82591
19513
42158
95300
41811
51134
61075
26242
53836
67066
57099
2815
93945
36570
8623
50148
47473
21140
10559
35879
87525
17232
44431
89310
68558
81971
25374
64606
25734
61289
62721
88724
1906
43694
67487
20415
52893
98714
95989
48776
81216
93479
88698
39872
9404
67424
51740
7028
30730
76359
26153
62319
77418
85283
87466
19469
63449
72869
6058
12055
6206
52757
11924
14751
21378
72766
22362
29018
22463
94514
82738
22133
58417
99387
46939
49877
91082
51232
31421
83951
62402
66192
96110
83392
35307
36013
95985
91883
34978
14168
54522
95757
93825
3254
38668
30910
97490
23068
54435
3207
73566
34652
54413
98618
73060
89515
42322
51666
12517
64462
87381
10216
31483
90113
6803
76815
80298
83555
95017
92141
73839
18466
76818
25430
50197
33630
4973
70822
13670
46237
15773
43131
23870
52746
84458
909
63004
6155
33028
40587
82802
50046
32680
36915
67515
60142
16156
43022
3948
65944
16980
13190
35107
48084
66487
61796
87612
88515
76731
66794
19459
70100
79692
55434
93955
25810
23148
20801
30877
65806
81333
852
61940
71204
6074
78053
68581
26764
9611
36690
50613
47648
631
8618
41090
77893
76012
9709
6907
33592
81722
35999
77132
32182
16597
17704
29777
48808
43513
40779
17867
82057
91912
87521
76785
9333
20207
817
51070
46351
49543
59631
86664
88719
37655
76142
96113
20935
4598
82627
28822
43953
19918
54008
90309
62103
58076
44393
3147
92030
58644
34686
47787
32879
70082
36293
66795
74819
16651
26956
27177
55819
69362
58776
65802
56986
79798
38277
77075
98319
45976
411
87729
194
96827
8457
74610
7530
34468
94144
44630
45385
68577
9455
95808
12277
90854
75638
97671
61924
434
14121
55114
76211
44720
54723
50528
92403
40826
87812
17708
33553
66999
45897
84271
93824
94661
87239
44888
92676
18930
13187
3510
12798
21956
11473
43823
95535
42649
68615
2921
49291
46824
48316
78693
70684
56582
59011
93227
28912
59013
14110
17665
45856
13559
32769
69557
52989
33840
48709
91674
85753
77673
20133
56527
24335
45633
21176
44122
52337
28990
71499
46132
79116
22193
81722
14462
98714
69752
85483
9906
88580
90941
94216
81780
82385
49179
34103
68135
97647
54080
61015
77980
49917
75758
90361
43685
51282
56348
95929
69703
59022
79450
91287
74702
31004
75250
1750
20666
57408
81257
5105
13527
29474
45700
32085
98635
33079
51752
42335
50761
47753
36761
3314
21538
54115
58244
1941
3771
20698
18329
19367
72889
26011
34928
39872
79801
23533
76941
76293
50236
4579
69725
74727
19872
51361
17696
93433
16586
33479
42945
51532
64190
59007
12288
21641
31985
98239
99472
81131
36950
65628
72284
97142
46933
55179
23941
23576
64154
14293
98023
62906
38441
48790
32858
42018
16783
38770
45395
90601
24499
84757
28586
56628
57932
46213
61559
64913
35372
67367
98774
40240
65178
76682
90185
10075
63230
30643
49725
45716
97813
72902
17060
14313
50660
90351
56705
95414
38632
60010
66787
97624
99148
29013
2536
74953
37205
52431
98659
88157
84439
98413
9721
33304
3339
21977
85092
15594
11512
6791
82810
40744
67277
38038
17032
25831
88721
63871
74936
51863
18641
5438
84435
13435
88120
72602
61535
52033
60030
20210
49544
88706
58103
10469
62973
38711
31980
50206
97714
51861
48359
44187
31715
10728
61671
31096
12376
1128
20884
60701
41667
9721
64652
63425
43590
87973
77628
17561
1778
89678
97002
24961
13835
27859
77519
47557
59143
6817
60642
31244
21653
93971
97743
11906
84506
89639
84967
37505
64630
74366
52145
73051
77925
53904
80062
70183
36258
98314
12187
39173
8230
70917
16959
79599
2478
12548
64195
66815
4315
18154
58193
94359
54450
63765
96373
86801
81315
59035
72561
10083
12167
32447
89261
34350
867
28080
57259
29988
38442
36767
64601
55283
76606
31131
735
15794
60407
53674
47384
24647
99228
77702
42941
22195
69069
37009
5533
17307
72196
11671
17545
72756
19344
44575
75019
46697
55553
40877
32567
60204
34978
32631
77946
92695
44447
87650
943
20125
65064
46072
11632
90067
3822
97736
74346
91412
82251
91611
16777
20661
38622
80974
66738
99142
59859
12049
68176
71842
98657
90074
80997
21171
12141
34983
52194
27076
38509
48270
42419
14149
58982
25155
11857
55989
71798
51334
731
85455
55886
2245
9663
10067
85879
34805
62897
89615
3190
87017
12766
25610
70282
69869
39803
40078
25265
31010
8502
54543
63946
65653
5166
40316
25526
48958
95871
12321
78776
67282
77781
55862
13499
57798
68738
37032
15443
53313
1962
72290
96859
46044
49307
21400
62974
14360
2651
50511
46705
7132
12601
20396
93469
50506
29734
38968
16922
69437
92540
652
34935
75522
59388
53823
40695
94383
36214
65545
99061
52836
22017
55315
22856
69117
48074
96990
64385
73169
30025
29772
70577
62026
90320
28591
81928
99841
72381
49420
5336
47413
41998
43306
44088
28584
41044
77565
47876
32950
23904
79658
34722
28499
60121
66615
33535
36992
55344
57713
31736
88682
26475
97144
87157
97023
38686
41067
13583
63885
82680
4011
71763
7705
58776
8719
78046
75449
28416
89988
37064
16111
28130
33598
73501
59202
37080
46816
59782
83034
25232
55780
88967
58264
1379
30055
26625
9360
29159
8756
9399
48196
12666
42475
68910
36030
67807
34830
30126
74921
40229
84840
45445
31309
18370
91899
55339
96709
42784
29636
64064
50814
97198
84076
21105
45263
65751
73902
70585
91728
53615
10688
81476
70776
84905
23040
52719
17975
26181
83132
5963
28716
85383
41374
93025
36996
65348
75570
5007
2672
20566
8150
34928
37025
10094
38813
25914
60515
27016
84223
22241
56691
64346
55585
82105
66974
39271
66428
38808
85144
66832
72749
85914
90550
74378
9304
8894
22312
73675
31002
67822
84214
99293
55818
60988
54614
31061
96650
30055
90760
3485
66320
73277
14574
91405
40619
85499
22347
56889
16725
45807
3382
9732
10580
63134
7515
76050
84140
25122
2478
21243
41381
54603
12045
55291
98804
75271
86898
49894
78920
60636
66737
69497
59795
45745
25268
17483
94676
25773
82225
95491
86077
29015
19108
96899
83238
36892
55694
52002
92685
18447
33226
88696
89767
95563
71720
94962
61288
64596
39880
57445
79371
99516
41716
89439
7966
16193
23642
82969
89454
5971
5605
83688
59658
82708
13143
94931
81526
10488
9957
40127
89039
54187
9999
24582
84821
50610
93658
28871
43834
18505
5676
56790
79014
93004
27940
29620
52069
31153
98739
13945
20621
26867
66811
65038
75663
85609
98178
54039
31993
15477
71506
50413
9830
55929
37137
88010
19939
48707
52792
33822
76639
4841
4019
5598
40846
93359
45396
42652
12218
53926
48468
62129
42343
54094
95814
95351
94496
64060
52665
67316
48451
22263
80555
71472
72646
15804
78053
74151
29637
12578
46967
75578
54890
55960
38640
44096
58967
4746
41081
98874
25874
2722
37135
22469
68077
23307
21052
8040
77586
80112
87665
37452
23272
26051
4994
95019
50052
46906
13758
70082
61102
83540
26729
50400
30767
96058
80792
54241
20276
64768
57064
88404
73058
71050
95771
91607
28534
14475
65360
85540
88087
39209
79038
76389
53115
88349
30540
98244
37746
88854
96848
91581
10291
95197
87523
38164
56738
95475
31166
68003
87866
93974
1747
19276
42716
4866
8937
36717
8468
33397
42517
45937
17573
22795
99890
30659
89969
33704
74046
60477
49254
93876
95600
32030
40488
81856
47865
90650
1847
18951
96374
59692
80637
62703
18991
20807
85846
96559
9743
10858
77116
9514
61633
52017
87438
38618
52963
54120
75677
71176
51114
5051
17331
62264
37298
96040
30816
86753
55327
82358
50114
62489
41941
54687
72720
98864
78672
10345
77059
35699
63233
89394
46530
21073
79302
4713
88872
97850
19621
57338
69076
71043
66884
75457
11213
27525
70600
92352
92752
84870
94857
45547
92056
6191
59854
2081
7368
40092
79562
14293
42775
58387
88786
22122
23545
67404
57721
73437
34022
77199
76075
38940
54730
31642
42882
3989
22217
72673
96328
80649
96460
43920
77738
67807
29131
70157
12629
67508
81593
77784
75537
36176
19879
4308
5494
73749
73302
17599
41646
94449
92893
20413
6089
57138
80754
68755
17975
47385
67065
63503
19174
90215
17959
79813
94520
73844
38609
821
75583
37054
59734
83880
14104
44382
77221
39672
2082
45495
74509
93743
4825
57064
77919
46792
68340
3361
76353
27826
69047
64018
10514
13011
45813
96286
63414
50281
86949
20750
69597
80492
22912
59587
25076
72911
96373
8835
85831
71525
26025
68693
90033
94048
82574
90599
46978
78964
25663
30508
31147
4250
87541
92676
3817
79153
42313
17299
94124
77567
81991
10195
63011
65430
10091
83813
27686
83281
34874
40995
17376
58749
15456
63153
58167
99605
24769
73746
33944
94021
12606
50615
5156
82736
77607
91122
77073
28333
36055
2537
30526
25644
92016
46789
88248
81719
18324
31882
53954
62995
65533
29953
58628
32678
17562
83889
35698
41170
33094
40909
85111
32287
95686
89031
33279
39448
10111
37889
47422
95755
75058
7972
75136
73780
82741
64330
38382
98739
78960
85941
57753
1657
55600
83747
39719
32642
49771
16249
94359
80380
4241
98396
21266
70951
24779
85982
29616
24852
29074
32213
97476
66223
19247
76968
12614
75449
36267
79971
21947
58542
74418
11243
47906
88934
34920
1355
23677
49239
96488
75755
34490
18295
90069
37570
56574
79231
9919
27618
82509
45835
50453
22610
35000
13438
3585
63898
28771
66434
16452
69111
98769
53901
71918
57614
2671
84703
23162
48029
29883
15240
64964
23661
37615
18374
45480
54084
75821
3820
89240
87959
34952
46751
11450
48060
42956
47162
80316
40605
73996
41905
62101
33609
96038
60370
31833
99364
40533
97415
62136
26719
69747
89752
94963
36258
99753
40430
27836
65958
17524
81138
38666
65727
88437
436
28534
60662
23382
648
55093
501
78324
27978
35313
5180
82893
80546
65190
35313
54504
8739
93143
56595
96187
88141
76618
22607
40124
38066
18695
57867
936
69174
54504
19520
8522
54767
91517
8070
33513
24044
16671
25383
61872
95218
93870
27669
45371
13410
34986
27255
31643
22774
43178
29438
16262
5194
89373
32503
72350
85335
27899
85913
57020
36954
14278
26781
6649
1748
80802
17518
50329
5482
7663
66230
29620
62829
37023
41784
32450
33972
21112
33148
3395
96133
3335
36644
86792
4178
30879
76382
18337
15936
54573
75890
54276
55363
43161
10299
85334
36742
87995
70450
9114
10727
43575
25094
61555
93854
26263
30472
6232
98013
10852
95075
35859
90707
48769
12457
54901
9835
68868
70056
50074
89746
97777
69467
77588
65718
89460
72157
96087
7529
94267
62392
3136
86981
36430
45307
38115
86729
44908
1355
44975
8066
75011
36400
12512
40005
70988
94992
79649
38328
48384
24089
25052
93904
22171
60088
71104
45909
73004
58727
62574
67970
66549
20706
91936
32425
17606
21018
8149
50292
99952
76963
64733
68005
98536
33832
89566
74654
31579
36191
51425
31133
21992
8950
67836
14623
26175
76780
30365
74438
46356
71485
94511
8917
95135
56661
38028
66392
32563
67878
95968
78912
11801
76757
81269
37260
78536
64078
33088
10531
79203
66040
57832
73054
88176
64802
57838
14627
12304
10525
94941
22827
8800
37796
37872
39013
69227
26325
33978
79732
32906
41987
49014
14867
48153
3173
21387
53497
694
56230
23099
8632
55321
34655
47337
83359
63403
85186
50661
48607
10948
52045
72086
80522
14917
45758
64866
44631
55534
60358
74237
18530
42206
40118
6379
68689
92933
86742
9140
71282
42823
55221
74019
86880
63183
79706
6714
72804
68045
30873
54710
11351
40910
23105
93595
8165
6998
89970
98364
85230
51293
98859
19241
17191
51875
13602
11733
17949
63153
20781
32258
38393
75054
91005
91276
50847
41914
18859
1647
75665
27722
50315
88533
66032
21505
88412
40160
88770
40168
95809
12560
98671
23978
64298
20626
13925
58094
45259
77894
27548
40689
18670
36299
2580
39999
89637
40489
74522
87502
51223
49370
45770
70264
13916
62613
32206
6963
57252
95161
9156
78510
91121
82547
91005
54378
41381
36812
30082
10546
43765
44883
30193
19289
62589
15362
39622
9423
75598
72942
71061
76991
2050
52592
27539
72680
69360
27436
55860
52246
67611
35131
4686
73212
36293
75545
89053
57553
56641
11596
84704
2212
97285
58799
32161
35676
58494
95931
13714
90065
65086
61745
9811
76065
7248
67334
92912
36464
79948
7627
22822
21311
60038
47768
85222
6055
70913
45749
10162
15954
52385
75813
56581
91095
30078
25935
26416
46704
47956
49994
57278
36793
50551
76036
41560
15240
93988
32047
51397
14787
51283
87912
3273
43138
33993
4870
71535
33154
586
48828
9217
77859
76715
77419
10452
59231
34724
22311
81953
90600
58948
86819
48493
35036
27136
20603
86410
63911
99236
61471
60598
15190
4490
70679
76097
90067
59335
46456
67661
81474
34914
96513
44718
67959
15073
54770
92720
36337
5436
76554
89560
12503
914
41306
79331
54062
92122
77068
97162
76788
68018
70954
58919
72412
72371
65228
95025
7686
23142
34274
23587
88986
98351
98137
73052
61377
41640
1838
89439
31808
99817
59149
52986
39506
44066
18980
17539
69537
4523
24937
18047
1697
73267
81860
82396
47657
27636
50522
72990
67023
78824
18392
1175
1374
8565
54840
9007
55383
92131
92979
68260
78529
34415
63267
42
87278
77560
94164
75475
60716
99446
18950
35306
45316
31754
55553
71002
45170
48529
53270
40971
80866
46930
22222
81356
28739
62263
11794
32716
2635
58328
52470
68194
17735
23186
55490
57357
32541
2839
77374
76662
22176
80831
44409
74066
82031
57949
44950
57187
8074
65580
64916
90461
29810
89320
91577
56326
9789
86649
44858
97431
93074
5897
81705
24287
30279
35287
70940
96007
17140
40452
70486
9072
3027
18027
26900
68824
71671
99502
5462
80380
96934
82251
90311
39479
52437
29357
94859
48553
66846
81983
21605
14547
97344
75579
31170
70910
90708
12129
9125
38907
17959
51907
42064
92485
60664
20733
89195
49411
36720
74178
7157
30889
47577
7505
37188
446
57789
65606
3642
45593
19292
49901
29478
41348
42505
44146
62772
98211
55170
69172
10674
22734
48426
93240
37632
87289
89156
1433
78900
98677
81102
6652
57255
87055
27992
62274
20959
89846
56703
15191
91673
63610
22411
74472
12914
11408
63745
86962
77075
19890
17414
58868
49239
23491
44113
36454
79291
44400
49610
67139
41377
42002
53989
50402
40192
48
9078
67043
90187
3266
80848
14180
14268
10352
30078
74547
61245
85944
75804
63838
76179
77775
65907
67398
69704
51071
8847
658
83923
398
5983
62144
81670
26783
18697
74870
17076
86386
83527
50487
85629
32230
482
465
71543
56703
33801
43443
70971
62306
83918
41083
77033
57726
96477
5261
45336
91109
66938
3904
1566
64727
79222
60211
55352
99135
84845
23261
44600
2679
80320
6530
23720
50183
68298
86369
37567
78763
7361
90730
91519
21650
79882
36845
78631
58690
71353
31662
61116
17721
39428
93908
57903
81039
59683
89536
81067
54231
80199
15483
51454
95396
98420
7049
7970
20137
25500
13753
38758
57560
46041
24190
98205
17387
99654
69944
43171
7681
19258
41931
34248
705
77411
61106
49626
84378
99515
90796
82003
51147
83882
92788
85148
63678
32311
12046
50332
87823
84908
31549
63618
45514
44165
64690
63147
51890
44052
64703
83920
58718
98261
52266
79087
69151
68425
67069
43924
32508
68977
75258
98115
17694
50217
71083
16325
33640
16734
51831
89677
32989
27246
55793
74534
61605
67226
52171
37019
10315
62890
8328
81506
55934
99677
14798
38182
85879
83563
55258
63535
80250
56250
95854
29168
17877
75705
17701
62541
76549
65149
41256
49159
53368
37973
3033
81734
69646
78668
51852
45121
49976
87738
15221
90573
82531
14727
99164
77856
43694
34142
42541
92289
97142
96585
7628
97582
29459
25807
9798
55080
56731
43750
15011
43519
25028
44727
6232
4854
97831
63149
33305
28883
65088
57049
62091
27685
70130
58598
16983
49906
39751
63412
9402
69980
28117
99667
70073
58448
82268
70269
10546
72395
6988
88272
60398
74344
44452
42470
2163
43818
63413
17043
35286
67075
19621
42747
44461
62175
28559
8206
32963
99600
89991
84321
40100
69366
28315
650
55192
80299
22966
27320
10605
85768
29982
56332
7628
93496
79709
2904
3182
90167
51228
6482
85192
93414
42955
3764
20321
57422
21566
46420
67972
74381
52498
70555
75984
80738
10093
80485
84877
38450
56898
69236
7514
53365
16436
73520
48418
68960
39826
40767
75085
96751
82881
90749
4274
93871
91767
20920
9769
64133
44739
19979
70494
27935
74571
40789
35107
13205
47821
40725
2941
46394
51015
82053
13886
42853
69169
15024
79411
67927
33128
44272
44627
85992
72486
45928
34776
31187
74701
60635
65450
31354
47459
20232
49238
24951
52502
63523
14174
87201
42048
65872
94699
67063
64806
25022
72701
4300
58427
95454
41187
80655
94722
29727
33253
20277
73072
4840
85534
20166
94224
54577
82632
69473
9888
63102
21296
92204
42104
22424
53032
58172
26987
5610
59451
43901
22182
42325
48571
20702
88693
14353
47510
74141
86597
29472
89671
39850
9540
29936
50441
77339
82084
20718
76294
29068
63999
22689
74286
37616
20309
53194
68899
49720
71952
60918
61329
80991
64200
5341
93403
6896
93027
7994
28400
68340
85108
53063
92029
50268
34980
4373
78076
86823
6670
5989
36234
19184
16804
47750
76758
95512
46576
20811
67604
83339
71413
42920
2226
73809
91795
94601
91810
89876
37001
71343
79798
31497
55540
61640
3658
42749
75446
35914
97851
27965
35602
82923
47286
86722
3156
992
66091
59991
22542
55729
73631
35848
60
15477
36609
72681
73001
26767
42548
84672
6762
75620
74219
76016
95817
86615
31124
76675
45244
80899
11787
82707
55763
84245
2031
88085
91697
93828
55729
77186
71602
12206
39048
44355
72843
28752
77602
31449
72878
70337
54293
51623
50092
50347
65428
24380
72949
10600
1245
18880
70812
66581
30223
21083
66806
44277
82392
21949
34849
96773
85325
91053
82144
16407
3955
33265
84484
87469
44953
72502
98887
26516
30281
67453
54418
44667
70452
95746
6623
7118
42314
90378
81336
13395
54923
19273
11966
11008
13591
19694
88294
45303
37377
15339
19774
42304
19459
80004
4909
57313
86027
18771
1656
11388
14451
26806
28768
91493
23599
91510
31049
11743
31455
86228
28086
55602
53283
2962
35184
95786
39822
80604
94630
86767
49620
26385
37773
20733
87581
13490
54152
42496
40571
91141
23908
72429
77400
24870
69850
63519
15369
19787
20312
1069
99007
39315
34009
81989
32764
25130
8239
79207
4994
99323
49091
40992
44839
82099
56564
30978
81925
20494
84123
66876
58382
27552
90319
73627
12892
52226
52196
13821
81350
53462
75631
68525
64463
37145
57572
5760
90073
34565
82304
21931
51415
19840
98627
49119
19968
8932
23157
41858
17982
52044
88905
24363
82758
61847
92702
43866
41475
39964
98658
95730
10603
59851
76114
93555
62131
51740
5117
3544
9630
62454
45991
46154
63793
81725
55752
56255
38146
69753
8788
47923
53262
1248
38262
87585
15785
60799
1653
50526
93840
13258
78745
18
56859
62045
56838
73043
32943
22542
68135
85472
53136
83346
89574
72952
41875
78440
78456
96821
61809
46886
84662
60808
55287
52222
6981
63825
16698
88172
55287
97978
13865
33567
18123
67570
63547
57409
1359
13409
73287
15941
47430
34381
98418
61484
6532
81224
87586
38708
66773
13715
90641
22398
84926
75572
15774
13018
43772
94767
85854
90481
92681
2244
8688
12815
52317
74085
97293
67755
47088
50353
46206
8884
53149
92434
36680
36922
90563
55216
71746
87253
21637
49360
73255
24502
67889
57612
65383
56137
86942
89040
8824
29923
97102
92430
54954
47022
44403
70143
42423
95726
50382
47511
37049
96271
20626
14979
2678
29709
80615
35394
78807
12256
42411
83133
5494
3906
62579
59269
53
73854
85039
13031
57164
53462
98411
53742
66554
45809
10417
62485
20285
61919
972
39111
4188
38795
20328
8309
45057
3996
21525
10739
67652
46759
48331
77168
37059
94517
11655
53233
11694
26669
47923
45321
254
92733
56323
79030
293
41098
94299
16058
4161
33746
30703
49653
72299
20090
3747
65468
98796
62777
21713
79800
75822
20320
91464
84893
66640
85860
52497
62949
93972
4682
51853
27753
2739
34701
66363
98395
43184
28175
15958
79043
91721
18682
49594
10420
88009
93394
37735
4202
77691
20793
75550
34915
72506
44734
26280
98743
25251
96195
92758
77109
36108
33033
78787
61883
85870
21242
63030
99089
19421
53235
1572
83363
7640
45484
114
51130
85404
2917
62200
86613
5427
59023
84673
745
5897
821
87086
80754
15359
75589
76922
61141
26361
92158
54968
32884
58099
37719
31193
88876
77104
29514
7146
62511
27282
62620
49467
55705
32134
29321
85306
37169
15734
57328
93021
95966
99330
93881
73022
14083
74697
91455
43552
1848
76225
76446
92912
97063
42278
30489
63752
18880
31119
5576
69581
48633
83388
42909
69271
60486
14315
77201
67441
48081
89258
90448
69878
47382
58119
10206
55388
19165
92100
78628
91789
50932
87014
73371
49039
98729
21164
44212
92934
31649
51164
74753
3823
85048
77465
85252
20557
98325
5809
17490
28225
46569
30579
18499
41234
78148
25182
40376
45356
10932
33556
55561
73124
67068
88109
64683
17401
97837
14120
91867
69751
85059
87708
20394
94838
19902
88653
24452
89663
68762
92634
8350
5806
98542
59923
26364
20082
99358
29129
74684
65778
84189
52989
68578
57834
71331
50298
91457
57299
61575
72126
91747
66144
52377
63219
36853
66468
64319
54589
70834
18769
55977
28940
85451
42972
76051
81520
73935
64925
59383
52204
43325
67026
58284
29604
89667
59394
6847
54416
30513
71455
17676
69395
88096
74341
16409
81189
86296
63359
46159
67979
41602
63432
21878
51881
65323
72719
61164
50286
77010
57332
25506
3277
65199
95984
66292
89964
7743
35441
89762
86037
2000
52674
35183
64234
56965
98089
34133
51381
63942
93417
32035
26941
5640
83112
94133
58869
99860
65227
79022
80559
49975
89470
12629
10670
41478
43664
19849
7577
4267
12122
99041
32619
82672
81056
87077
91111
91943
6512
52035
85704
15475
48744
43055
1047
52759
7764
84058
11030
45785
23349
1901
53177
28211
54333
58722
89236
39542
29622
69439
3567
58810
50402
77712
59543
72359
73341
89409
69134
27929
77951
39093
71938
62900
5342
87877
2075
43684
945
30264
49966
50670
57743
64219
15535
70521
45941
43582
43619
7219
30406
22091
22963
88034
39532
67267
21308
96935
31869
71351
92676
12080
75610
68576
5511
84443
99409
91387
70479
49890
71938
37573
4258
37576
59582
34094
78101
24926
62251
78237
43871
91858
28452
72769
81256
63668
28701
24590
672
48134
12965
54460
58540
27264
29540
21272
31835
1022
644
57029
48310
92422
11436
78163
31286
40825
51014
93946
40400
38006
50722
64691
86315
89701
39604
9523
2930
65799
4089
21093
50245
27159
76695
82979
2314
13629
83138
51985
93857
33103
62138
6518
18805
3268
61778
18807
61358
52983
20620
44946
60611
64084
74847
11860
48780
20226
8250
14103
95670
45965
20451
55196
78384
74191
27128
92289
42339
42682
95031
26527
10302
82372
98105
71458
34319
69360
12633
44934
58925
95925
51090
4170
5586
67021
21446
74676
92710
59708
1211
38209
16535
94747
29055
50791
88485
19936
95597
64873
153
56780
74664
7510
57238
65552
76548
11390
58088
80893
96644
43474
42712
97447
46365
74647
95425
54549
63514
92775
43293
17991
57
58852
8409
17284
76498
99865
11624
37536
16344
40783
8434
42886
20440
26985
14925
7623
17759
85629
10692
96863
8632
66192
915
12097
38418
93644
91989
39807
47487
92608
3893
76376
43129
40180
44768
96925
30688
42056
8956
18401
28831
95496
97298
89981
44396
5998
99750
70846
9645
31412
50471
460
43000
51796
98018
29303
75251
84670
20337
17184
34171
69013
26481
83169
576
92646
26481
68698
81484
21062
2054
97465
23364
94280
51740
64389
46599
46519
12390
73991
14420
48662
73110
16950
72937
28530
64105
74782
86662
87712
30329
16299
82319
11960
20150
43064
11664
89581
56111
11726
50267
28936
38410
18715
78797
77473
47443
99570
77966
35706
3761
83864
6583
74711
77876
90610
45934
91901
90251
70312
397
46022
74802
70294
53185
34783
97384
17007
77134
13822
29662
69710
72272
76291
86764
52027
58012
5929
23134
38423
20101
38889
59083
78788
67674
29164
53030
26035
37452
79243
39117
97483
17838
34661
78847
45907
55829
41916
58411
97660
10047
43500
71235
72110
75280
34025
47471
64750
33847
70068
49534
42888
66127
6777
97848
66143
16097
85192
13423
68366
88199
88591
12563
7226
41963
31120
9316
20566
13390
67300
15202
77106
92613
86124
87009
68930
27294
68271
29177
44582
36320
77333
32985
84987
75152
85854
73659
59293
57232
43680
6323
33431
99554
74268
67169
98729
95658
93116
838
70324
22961
3243
33426
42982
26118
84528
62140
31613
82463
79561
7820
46393
63005
19616
68498
39746
38413
44876
11993
55730
68619
82855
32950
58561
47201
54087
88666
44140
10542
94812
16647
41281
67233
81701
99584
48618
84932
5711
58744
16595
45046
84267
64524
37498
12593
84490
41933
96050
88234
35383
9462
72723
92854
59826
76604
37921
73
46085
61443
82647
6138
72100
98637
44433
19747
46022
57037
78899
47269
66938
75034
64154
49864
85800
58655
52412
14303
64646
47023
98302
2314
21139
89238
89842
8949
40435
77322
13099
10334
64040
47904
27647
39572
40777
68571
54135
1915
42402
81696
6486
99211
77447
70949
74372
58904
53494
30696
76886
13197
92904
22587
7899
99890
6996
17980
10629
33420
97377
45827
93490
6787
26181
64789
8695
11007
9310
85814
79048
2827
52748
10235
9158
95356
2954
5885
85701
41707
23943
22058
77881
67678
77317
33525
46461
67813
69390
80814
98431
65247
32845
24012
53963
59325
24560
16518
26547
23262
11672
88929
216
14362
10778
60803
46711
27323
92918
59271
63347
39205
44625
22826
26362
39382
59953
8482
7927
60263
88148
81326
18804
75027
73229
86599
44074
66927
5725
61974
12167
17303
20298
44736
87290
80010
63294
18844
64381
67115
83455
79590
59423
27689
89030
58443
67918
75128
43070
35748
1470
79326
59804
83264
50424
74474
4693
89338
87138
60094
77472
34538
29639
23533
62760
46647
78115
77247
80110
33642
4876
81874
12058
34494
97408
49883
48667
49619
4424
63018
6275
32193
97862
45547
15992
64682
6336
93641
78904
38249
47464
16141
81612
81094
83047
90852
16679
38699
20102
9854
56316
65521
48825
10899
22426
85587
93768
60608
78341
11172
17883
4495
58353
57853
57602
65717
72413
42702
5470
25908
77898
41878
67312
54337
89047
88878
18203
66112
42939
37919
74968
39435
83325
7284
29239
59346
84883
35370
24012
43324
1942
11523
78270
53003
10910
97882
93319
92510
97343
43442
89096
42319
65440
84615
53773
40125
9907
29413
95640
84037
64438
31447
87149
88521
95910
58200
74393
41618
70426
64262
73088
21138
6115
67348
40706
72386
53982
77598
48521
28522
79890
64567
85649
61119
62925
48415
88212
7558
13430
55697
56561
56599
46670
39288
30040
33821
35177
53985
24725
23193
91298
3307
15735
24230
43488
17115
75708
61880
57219
10284
45211
40414
99562
79236
6029
35686
13669
71938
85624
88927
93714
52948
27354
56506
94903
88293
83215
91178
22138
67570
63678
10250
64384
84381
95654
51741
56480
95195
41601
80721
34692
27145
27730
1085
30171
79836
69040
61194
71741
76341
7375
44365
59677
91667
69895
67442
67652
29762
38403
19604
81807
49521
35145
41513
53703
75137
85569
53595
12569
19450
37155
45009
53490
90968
46529
58316
45049
87010
6350
21677
93641
61179
25739
33236
92905
48721
48396
95715
53929
53811
50923
2561
25051
86400
27688
75066
3020
5914
80699
61507
7294
63034
80056
87708
91491
26525
52638
13199
20120
60123
52316
52052
72763
99672
41824
20087
93227
99924
29470
46769
90683
51133
90937
97362
84754
35268
78065
95617
34978
83277
87593
70746
15202
88735
2067
89014
37035
81852
30171
94217
60299
89355
73069
75140
60361
4081
71651
53210
90295
96990
31439
79456
3757
47619
83554
14670
56903
57889
8822
14850
36573
46460
64606
69187
6651
67535
49896
22691
86812
57209
43308
73822
19976
9366
69780
19039
45639
25032
85608
46946
63009
65044
21333
28948
90931
8393
87129
27734
28688
65658
34253
26817
43858
24909
6799
4547
96187
92396
70060
89127
36621
1401
1190
11475
63169
7167
84711
27755
87752
20963
81475
18355
74012
857
48547
3633
81314
80115
44051
82801
15295
11413
33129
74658
49460
55075
33424
13374
73143
12763
34033
80710
72207
53759
73757
10252
37900
38987
65082
19466
92480
41382
30951
9392
61086
9875
55117
68891
49390
19046
65956
37377
47241
28436
42623
68585
7447
18435
1589
71862
47459
9568
96461
33925
67448
24560
23621
12492
2811
4862
47967
68866
22564
51315
72329
85470
78202
25732
8199
53911
58249
41029
60607
32362
82755
49051
47937
35322
61008
85936
91697
6546
63251
94719
93650
95526
82620
35567
37937
94552
4483
15868
33835
71734
36359
2288
94908
13856
24291
37745
92805
29031
57482
38997
93209
28529
88927
1232
64196
67865
51123
49070
825
63284
5595
67452
26070
44622
86349
15360
96438
33299
21464
39209
1235
84521
43806
24352
71445
3994
9103
97118
59452
91664
24706
75224
38438
5785
98866
88566
95805
37514
64403
12097
89632
36128
29775
7738
62892
94242
63202
40327
68391
39009
60878
13928
71754
11585
7068
1128
96808
78610
86640
16655
64766
86263
45415
71924
34201
12327
68432
95408
18879
77298
12868
99822
90043
83419
83747
32222
65129
32452
93996
28552
65849
9064
3513
64606
38147
67425
42133
49547
74664
72137
76635
32839
52545
158
23884
11180
60711
27519
92620
26339
44926
91187
69242
61111
99166
25769
65643
1676
30815
75673
87169
30312
74880
48041
68781
52975
40852
37517
97790
97069
94027
43590
4548
94123
7640
95338
26726
517
33860
74660
39772
38099
56654
18354
32298
38915
15741
11149
45562
38151
24196
96134
99221
69578
24848
10507
95453
40094
87537
63208
2858
47250
55714
16747
11359
29823
86775
14208
10344
78625
11331
43707
12723
71235
39491
74163
33256
1427
97419
63755
85926
97429
77898
59629
42683
18611
88508
90064
56735
8465
59404
76152
58094
11966
52196
67484
34720
74151
54899
21282
15623
39558
13017
51303
24004
41528
87122
29851
55879
57997
78812
81736
95297
67512
30055
72020
30343
54373
50969
34876
45829
7274
9595
38560
94461
46454
99235
23966
5179
41927
29278
4406
93686
62488
50394
10764
50821
82071
86381
34348
95739
68884
72006
36936
46176
36885
32526
37917
74286
98982
60410
56628
39237
75822
28208
18532
27019
83709
4564
95732
84836
41186
32910
42718
777
8985
73977
86543
5960
43233
8874
23852
472
86924
82555
72558
58968
23407
77715
73390
88483
9273
47668
33243
1617
41025
35905
36616
93421
73592
2826
79171
86478
72061
86485
1440
22325
95055
27851
60532
66466
94237
98300
11901
83795
80474
58896
35551
84507
89324
65675
67337
11610
64867
78523
74230
2974
72967
44129
29200
35190
53994
47674
15791
33263
9724
60617
60702
2605
61501
5923
99198
38376
33550
97207
26948
18624
88256
84280
76094
34526
67854
18728
64180
86248
58183
23906
59657
6337
69251
74724
3264
98203
59415
33656
4859
35353
75491
32029
71198
50758
19048
17143
65266
97452
15351
38639
17862
22194
68069
24136
61680
30805
92250
56512
60625
3585
97417
9982
41751
85996
77274
17247
22428
26895
12547
26199
85195
54274
59285
69190
60227
86995
79218
97720
99411
29507
70365
91673
8805
2045
13866
99604
94776
96595
18196
18534
23750
75575
29709
26403
23908
69075
63536
23652
712
77670
85970
55980
91460
51516
28375
20022
13616
65160
54305
37981
59078
63073
91812
39143
65447
63190
66709
61775
92251
72398
83264
77965
88566
70720
75384
25125
49494
54828
53577
60809
45832
89557
12265
19499
26762
44988
40301
61762
93579
17242
44985
52440
96495
38137
15727
25615
83503
39664
59497
46830
4861
4825
61601
88492
97028
44592
35213
11991
49806
57258
18952
51328
91968
10543
68011
29575
11648
60406
54651
71135
46903
27068
68092
31806
28401
32641
15460
37540
54016
21855
6506
13637
29312
41575
956
87796
80054
32090
72272
30765
89266
25473
2130
17503
33012
99401
86077
35573
31179
94302
85509
40320
83671
24067
64496
7395
24848
88556
92421
55546
63552
44696
10364
27655
60395
68686
42357
68698
99215
19986
68709
54397
84230
72900
86539
68281
12584
77526
25441
62729
25678
39272
36398
11353
29969
6210
85496
42746
42545
17741
97367
2437
76786
98670
60996
61897
4864
86592
22128
72339
64147
48493
24401
37913
51725
65993
24663
38403
28992
60043
87549
88502
79566
84360
90363
7262
49224
83022
59321
25080
59031
54554
95101
81561
1177
56406
23077
27838
15267
12114
69137
16306
75046
72990
10391
74773
15468
36258
25754
34095
47905
55163
6549
1553
53870
81458
66192
48931
23072
82361
66965
16656
85991
2693
14429
29131
48507
54787
46276
39740
5657
1017
22747
12106
79243
7610
2588
34983
60038
73796
99703
2003
82797
89978
84171
34222
35059
99417
15313
17757
66269
26330
83666
87735
48805
67171
37753
20429
84155
74410
62115
74325
18054
31079
9523
32050
45320
12628
66466
23009
24096
38499
64307
19137
12041
86269
84037
92096
23776
31603
99297
71327
84771
87298
60532
42145
28884
76744
94166
24565
2173
76445
25640
14813
54445
5745
7933
34651
56960
10880
72975
48279
41757
72884
6802
20527
65657
84759
54246
24380
9082
54674
58982
88540
51510
45767
91933
95522
41433
75112
41240
14998
4452
51315
88982
75850
10483
67339
55453
72154
57047
819
65446
1022
73954
48937
25144
69904
83298
48316
89266
93237
17188
91756
13250
98570
74394
81181
37523
91437
70327
88119
84899
43076
42166
26653
54322
92653
91067
40
78262
21988
7729
47648
92300
89738
87955
14710
74505
97016
56358
48193
56590
31104
43811
45075
34970
43036
16595
79031
62713
21142
93138
57833
71642
83699
59414
87090
58751
23773
78569
5950
10509
83979
55442
3804
39811
18607
41331
76817
9864
96220
75915
80153
13629
47921
26427
63804
20113
3783
90821
36329
19315
17683
14224
19922
66018
45880
66440
84131
40417
7372
46467
87264
87110
87045
26366
74810
45137
75584
66918
82669
82874
91694
48435
78105
85603
44572
69327
83259
3213
61981
7764
19848
59110
82550
65938
96965
53279
71781
96816
61638
83740
90863
94794
90849
78949
92453
59545
14478
96826
74898
78577
4030
69411
29348
66372
94100
19205
23412
75875
64708
49648
92020
98532
88135
73109
55892
88991
69656
76341
31472
28786
2222
80501
34202
81957
67735
97838
73855
5032
49133
46400
48601
8760
36663
51398
4529
79232
23007
31845
23246
29788
57483
39551
35774
3833
48058
27268
37504
29976
80285
81576
75340
8818
5584
37295
37472
60118
98772
29412
77543
8749
96586
58377
72392
52414
70478
78377
81833
39661
60845
16553
69629
52798
10756
36094
78961
42807
60662
11320
45711
83460
97770
31611
16813
51892
73311
96974
5654
88705
53453
66604
43122
13325
16026
36760
73204
59047
41173
83342
48832
78925
42386
62581
80439
29580
42210
7024
56928
79426
46959
14867
99989
53125
96721
94259
1671
98716
7376
42934
39567
4331
29366
58474
69811
12940
99824
57266
56592
65720
83201
96570
98378
75654
12419
80715
86765
88938
72731
28698
95231
17599
10327
14715
55941
71935
99943
80212
44143
96846
64150
64556
47648
85175
6563
74082
28701
36718
32736
61561
48594
23477
51654
11825
26587
39514
56147
75121
78262
86846
99746
67264
65187
28432
75205
27828
60244
10551
67680
93346
16887
20494
91301
38195
253
69898
2696
12535
51462
24504
9375
86163
73739
54017
76280
68790
8456
35311
1623
56362
27332
47625
71178
2086
6910
38906
75082
55392
81846
26512
15696
44256
71285
52609
52914
73103
21146
72904
59417
15502
15937
63884
98944
73476
45650
79681
51723
69647
25636
56616
12130
17307
23308
70513
49000
95504
98150
20002
42332
25221
73822
50735
81995
74515
31740
34569
68304
3717
54218
19540
93066
42251
77379
64879
88376
50190
32153
24
10835
95518
84419
72520
48712
64679
1825
30842
38800
6721
43438
19882
27214
10790
13377
312
22373
82527
34752
63691
8244
12280
34689
12242
45807
27026
90910
66950
21786
53239
78261
61835
14084
9896
55065
91221
93726
82674
33240
61064
58007
31903
92682
94647
55189
32264
7091
44974
36370
56328
42005
40107
21233
17964
53781
14727
33755
839
85287
18259
1978
24994
87321
37373
27698
23568
84986
13074
57111
83040
57189
42749
55663
73932
94542
86030
29764
14030
39719
65270
71110
75281
111
45102
33531
76197
58680
85367
46500
81133
58707
48892
37325
70483
63803
99827
79536
33948
65978
483
80168
40053
25244
47616
70861
54732
62894
80305
37168
27996
20946
13459
61204
2368
88834
5302
62887
30024
64223
28613
9020
56681
91317
69155
67047
85743
94124
39697
21940
91310
73422
55500
52868
77366
91600
20339
6244
57253
96319
77670
49388
7862
59336
86249
6289
45367
83267
33608
87784
71672
97981
11957
44056
89407
83553
96430
68346
97241
89123
27449
41488
88491
28713
26833
12319
54214
75381
12282
9354
8121
59731
30255
63628
83745
70716
65662
53810
75931
22725
57865
32275
37913
93543
33645
17004
47923
91051
37919
3580
88789
50098
33458
21017
95735
84606
28341
74894
7274
23809
55130
70930
93741
19040
54130
3653
20479
59043
67955
23209
66608
8060
44507
39035
66576
48017
72270
28429
23401
69032
20188
36705
41416
94606
63390
52324
17109
46371
19646
27492
6341
63334
20022
92687
31525
21593
62769
57546
41687
49936
49998
62411
2105
40284
91716
41652
37792
27726
39967
21805
57028
31498
90951
89756
75189
56778
63457
66531
44907
52331
47279
72598
49307
66105
243
8535
56325
78706
21682
81136
93994
82233
3571
49484
26747
3961
66598
57843
39917
23667
80993
91713
73705
19911
33062
81185
71296
47387
44896
31499
99131
22923
15244
16119
38256
40877
61173
77148
47536
12223
75448
17706
27838
83024
72518
26592
15226
57319
13767
65547
58555
85972
41211
89020
70716
35729
19931
40709
96077
53845
11007
1488
66858
85493
97881
88891
60264
86423
15679
73267
38700
17620
14150
16076
69366
68009
12553
93595
12250
70907
91593
32657
2831
59076
1199
10164
98176
31486
97612
91547
56257
1835
83297
97381
43036
51263
34971
49335
67560
36683
48534
86833
49531
60326
59394
52395
7030
8985
35555
86769
62783
18248
27026
64216
71116
30488
62017
14236
96347
51266
42908
54456
88830
22290
35851
93888
3860
84380
34548
65054
60499
4892
17213
4488
49505
4936
77135
97466
73059
42996
49334
82582
78476
35169
18212
35956
41430
94724
94614
29831
88239
27823
13551
37390
98507
63646
23136
33524
83479
6784
56073
77477
71790
97439
69016
29741
96708
57518
88080
53198
86783
15918
98246
17405
11046
45596
35557
78010
13874
14491
76465
84043
65569
81946
92648
65204
62505
93090
3461
98516
63145
27871
70494
98271
69883
97768
81741
87380
6342
44588
8683
87418
76497
67706
48344
70652
59953
90605
7064
30494
30563
17170
91863
90394
58933
7384
90605
60380
17502
59443
88573
27734
174
60909
84311
99488
78080
34474
89853
50192
94509
5174
73347
35923
46810
50189
7951
27365
23505
74886
18464
78194
27469
50173
66604
93513
6990
94492
24961
14746
64877
10437
85133
5996
69354
80606
4056
6557
225
70394
68815
15351
86234
50368
1692
4779
24544
55706
58192
2349
98729
45404
42915
79148
67540
73487
19155
36268
89746
90393
92296
43042
5274
91755
67992
65707
24032
32839
33958
1354
7392
24939
17476
54044
80532
70558
47034
54329
52006
43702
18943
33065
91967
27716
76676
35840
54781
80285
64464
69176
42595
10437
32518
63945
26058
63994
25219
79112
57077
71067
81315
77177
67651
84723
51459
59826
30654
44741
91809
67086
4080
94517
93919
28395
45525
37873
47751
25697
60427
34587
61288
31327
72838
89940
36159
44707
52672
17734
2225
77333
12333
10317
25876
85568
20461
82020
78254
21167
14075
61032
40565
33824
40130
95723
31061
20776
56816
39415
83344
96227
66562
38876
85119
59125
85886
85336
94999
89602
18304
26658
17639
43687
14188
7859
98814
38803
24962
57746
81417
9061
35920
43035
41658
85187
96065
4715
63940
27028
48147
25002
50274
62843
87238
67829
10040
95472
81233
17511
44754
10237
30158
95011
94632
70258
80342
94145
91107
67749
54791
14290
37433
37897
52929
1874
24756
77962
76624
60202
68465
92419
28996
57598
70563
75100
56092
48345
12408
97827
10945
28051
67444
70469
55919
95933
98585
66729
67150
15977
57064
86346
99487
14488
8961
10575
49
26785
65159
94185
53236
20891
15071
45320
92581
23720
26326
36570
26055
25822
54530
61186
38739
95922
4065
82384
72230
18595
6558
3554
69241
44416
78066
46039
79726
55992
87110
84044
52038
86909
16759
9365
65871
85779
74578
18745
19387
9754
88895
73002
2860
54709
88283
56288
77931
36247
6813
25938
49719
57162
30266
5488
98875
94907
5091
27647
34553
93669
91852
70034
22274
53400
18984
24481
61287
41638
64816
29641
521
57642
24674
90592
88749
60853
38726
978
64556
72086
56332
68701
39
59493
41937
79462
35927
81325
14305
8727
73378
66324
23350
74453
47530
49096
41566
50753
17023
26695
50907
28843
35317
10923
19555
80654
10928
31888
7656
95853
76668
73859
32978
76584
28633
99434
35432
27418
8563
29418
70350
50130
67279
42520
55080
19147
40770
20384
1405
58186
89212
52331
6455
74197
79585
40145
16550
47115
76568
22811
40804
93059
3261
55411
83923
10180
96689
76138
53763
40638
95473
75110
39184
43588
86820
1543
59624
87847
48141
34740
66313
42288
44257
42854
26505
21497
35410
24048
90223
84168
47146
93385
82271
62089
26676
68537
31700
91975
37875
53340
6597
33767
5974
73141
8617
25666
46467
82514
92599
3548
57648
84120
69223
56453
45138
16939
50452
26028
77132
28348
30563
72987
4745
95312
74364
90611
7460
90632
60343
59173
55332
43890
84979
54665
1798
5036
56511
70975
46482
39728
78459
48320
61072
32256
19961
62528
25363
52559
87677
10978
627
23946
81892
95895
54041
54753
11968
13109
78931
59862
24737
42097
86023
32353
82384
5016
11204
33885
61269
35407
3156
44115
52536
78053
51214
98625
29380
26898
66601
26278
53128
77263
90538
49900
25815
4177
50846
39219
25967
11043
62435
85206
57686
6207
79936
59229
98529
2184
33846
89278
92686
11335
60174
94704
37649
81537
23345
39149
67532
38545
78423
88867
40216
82119
47287
85016
960
52412
31741
19800
72140
87985
25017
5917
96411
37923
48532
28761
63977
49933
74430
99042
63344
32827
73859
74330
78859
69062
26428
43450
63126
23568
34561
13403
83537
26398
46492
80545
84995
53741
21208
52357
63579
32626
76025
58557
25010
79603
91558
27434
80205
86875
32545
20317
74814
92830
59415
98982
45481
87113
4082
65307
6212
59652
9387
28738
62680
26984
58173
17851
60613
18007
56214
52173
43169
76892
6118
26155
5537
6432
60410
80515
592
58246
68450
13667
91708
77668
63886
13288
56656
44350
1688
69668
8508
7136
5498
27339
77617
79672
256
94491
63912
43534
55576
3909
99586
56386
45094
78588
3018
17888
19988
90361
41335
32705
12455
20297
96078
95265
81868
75859
8772
34745
44977
25450
48704
9209
81521
74859
79647
41764
17255
33363
47569
26375
21252
17857
90657
14999
14939
46019
37458
23942
76025
41696
15045
58818
99314
45825
82231
89866
14294
27261
77383
84590
68419
69599
44598
53986
18196
92182
12294
21470
42327
87577
26405
88597
69949
35956
92003
79152
3594
83572
76958
60295
19148
57835
47103
33851
42440
16353
35677
81299
39151
64183
68160
47601
35216
82361
91968
56655
55752
8383
20332
21627
51796
21216
41510
91341
31239
468
53035
10785
46519
16227
41456
49302
69009
7535
96457
79554
6093
90140
1539
8975
21500
10712
60561
76725
52381
31914
97572
56341
16720
86171
52402
71984
72226
32987
17465
1506
37639
90642
47422
29982
63557
78725
49486
24519
16908
26304
93765
44713
46308
56038
621
49490
39200
64978
2430
22032
95662
32104
27940
80199
67344
47166
17311
32143
92548
21184
41891
74024
52255
52869
12671
30812
72793
50156
6363
48111
35778
43058
33050
65637
98867
58611
56959
6256
78751
75609
93548
78260
64135
85894
84998
40474
64428
9915
82964
84973
63328
95299
72678
71412
4758
86239
98643
1388
39576
67214
69978
42818
5014
1112
46090
71658
41660
73527
69245
23678
30493
75331
89279
52791
44651
90969
52204
15137
40777
89383
76152
31486
37560
94358
96488
35386
95725
1460
41661
20805
88067
83069
74385
35026
69965
84518
99514
30316
82084
9638
93739
69584
55806
46242
93178
36107
36768
82003
61852
92304
10666
92821
46988
29014
94832
31791
35051
91980
29450
51546
14850
94874
97025
3023
81923
96054
81673
24274
40045
37567
18830
95925
7533
96921
49895
42250
18753
27269
73064
35081
83833
3900
26483
46298
63127
12617
7022
1728
35445
94272
44048
23267
16645
64959
74452
34968
7603
39807
56816
75278
46087
64022
99776
62423
79527
39117
31291
24945
23834
58105
67240
76080
39335
33784
44713
83018
86875
59786
91124
60895
22633
47658
24739
62019
4715
92103
18370
31082
92167
24323
65061
38574
60173
48103
1436
69536
39997
80929
23167
56617
95846
76187
37475
98363
99529
35257
55663
78649
49372
71087
48904
35455
90698
5437
94311
77584
69944
81544
70925
95290
43618
24149
89453
74472
44099
94277
69927
51460
8820
84968
63253
43206
64427
57343
28638
37278
41893
55730
38889
13850
56735
28682
30156
39924
17982
34381
21345
81404
19343
95092
25913
65597
45672
88362
28683
89870
51404
16323
18085
73399
54990
57238
89219
14270
93869
44249
24222
70317
77054
36184
18843
3938
93256
54449
82788
53747
6440
10351
23860
39355
15380
91328
47884
27590
36572
38613
39683
36596
67821
20278
69626
17358
63856
68352
48877
36515
19247
65501
55237
39484
82328
86973
77034
19268
72922
44086
90038
26286
79499
38614
52357
39682
28012
19072
91816
4712
18340
1867
73049
49360
21897
68883
72041
20091
35646
50233
75157
33545
66166
46174
35319
33920
5783
85592
64409
90997
57177
86350
65572
4891
67661
71510
75830
56293
23003
71368
68978
45113
21923
99519
14194
11060
14533
63692
60311
84916
77245
10134
16737
37285
61350
754
43738
43788
76991
69018
4844
56617
33578
72750
99251
27853
89073
81636
6925
49240
97540
76396
66190
34317
84541
87557
68273
25012
63973
45174
36520
29324
23375
56618
13300
11019
43201
81067
45296
90771
21012
31673
98856
9108
48113
10600
28071
3960
99611
48723
17485
24078
35787
81600
89248
73654
66582
20402
67194
63590
77259
77765
83936
61175
67385
93802
30226
24239
48750
92127
47454
15371
97306
83369
51119
33033
94641
26544
25060
7888
54287
22168
7707
26524
77141
76632
63531
33578
33522
49433
85809
42012
29598
81837
33474
52329
72384
91081
56160
62628
65967
46624
59752
38919
23637
80157
79975
80733
94479
38844
97005
64073
56401
77126
282
34358
55366
9512
58773
87195
6325
12495
65723
66666
57600
90882
60852
8150
75622
41243
72577
8095
95176
87331
21266
31452
92201
49769
3572
84515
14862
54719
81895
93591
48836
46258
22734
64495
1377
86883
34528
87871
62403
54311
64635
77765
44085
49943
87064
3635
73232
73941
86233
70292
26782
11676
15903
7132
38042
37122
24344
56112
93907
69165
57078
16815
62286
48815
60027
26364
47723
73151
29936
27049
72352
92597
44117
30049
63938
73858
11443
97170
78083
43082
88333
20886
44437
67999
88436
56349
81452
13595
37305
44152
39041
56121
61598
4612
38322
75249
17382
45168
33191
39118
6891
85197
52656
29550
52110
86066
74347
32277
95208
94569
14593
36878
72799
64858
60880
4928
99317
7249
40899
55432
40443
24174
48285
26521
82082
83433
74804
18221
84178
9440
5338
23974
35603
46623
54168
41733
60201
65739
64211
41670
63133
39787
97360
41686
13973
94419
81107
52179
11046
89358
36291
85918
32448
81255
3114
13279
67272
54356
13433
13846
91715
6720
43272
81369
68173
21876
1146
84527
28330
39329
66174
69639
55700
6860
15923
66870
88947
32790
61731
45675
33450
10279
11824
19377
14446
10711
53357
72224
55154
69785
84227
74624
21117
54596
11059
89788
54557
56031
49723
71199
7925
60328
9586
27981
46546
18528
54285
68736
92027
58711
48612
47614
98631
50832
49167
70835
95400
25873
57321
11857
83461
20330
73911
18144
23333
79615
11266
12419
97479
89843
42207
3017
5167
10931
54320
12653
97819
33372
63748
71979
77491
22698
47161
8958
25631
7870
2114
65627
99634
16650
42883
86212
90756
81245
34873
54762
72926
28038
91127
4962
31502
57734
21067
23042
49979
16375
63646
14233
44338
57746
6970
4648
59870
93090
