92843
65034
99268
91117
2243
42926
65164
56073
76899
52428
95532
30626
16149
1844
6754
80953
11634
61321
3239
34888
66861
83448
87566
23951
97072
71350
1640
9660
39069
42741
49956
56854
10455
92195
46709
20614
34042
57056
779
71299
10180
31321
7747
52088
81815
62694
2330
92020
27575
6204
33757
69198
39533
45519
43548
11091
66926
34632
23260
47598
76438
57471
72748
92050
64494
47542
4304
24775
6093
33233
40889
94191
4090
12053
36117
55507
27247
81052
13954
42703
67897
31762
67006
70390
73852
61648
34971
86499
43443
84819
14958
70398
31990
11639
76198
16584
43252
34005
7193
64227
37983
48086
6970
62528
95496
72339
13607
15910
39711
8651
55263
51804
29564
31904
32977
51187
73916
67054
70767
33363
24227
63209
7266
23936
13824
50546
279
59497
83502
18165
26294
96942
99382
24706
92147
53899
96114
36102
37469
87781
81357
79654
86772
6255
25990
75608
40313
59321
77139
84637
5245
36438
25889
77375
13147
33609
76858
18403
94881
68300
39424
58890
33545
71516
47573
3018
36199
95716
40765
21892
53947
18564
91163
94114
9190
47165
30552
52143
36505
22716
89699
14578
51336
82945
11730
22089
88894
69388
35078
11294
34506
65411
17933
31944
6968
88961
76160
76833
12506
52510
15469
48191
28932
4183
24719
83122
38712
8538
88249
19641
56790
54225
22322
4929
13173
58824
6649
13594
72015
7452
42282
2872
40566
42658
2105
92387
13572
56594
42555
26203
7121
10318
61925
72045
70302
85010
31500
6922
9902
28474
20939
9546
27476
66538
55618
95964
43334
82174
26651
40680
54289
33999
57961
55684
63815
70239
8297
18479
46548
94081
90282
98221
75183
81736
31017
82688
56331
2090
22805
22143
7724
63984
2610
69014
41622
77469
25881
78233
3073
44632
77340
80038
17354
63864
47078
72534
37923
41836
62177
77024
62315
15236
80882
37835
89464
97375
63647
61197
12016
6386
9904
76324
43510
96529
26355
75536
87266
80125
87609
22476
32746
57226
48767
12071
68860
52268
95815
13347
62350
83262
61284
50089
17132
94670
91701
45095
33552
65160
51400
66216
26064
97469
47296
60878
45617
35504
41361
22222
826
83326
96488
92424
6979
73351
13864
31809
43052
86781
99567
39487
36234
15496
5559
19648
38172
10195
86808
84311
21756
83319
10090
81925
66736
80641
84553
87568
43072
18115
18097
58946
3875
67860
38281
13121
98162
12452
92412
98630
32734
88769
95842
21692
25373
81247
79805
29943
63327
6567
35551
88815
94463
72159
14889
73847
3765
39026
50318
7070
29320
72603
63383
55106
99680
29331
8991
34700
44794
80949
31166
59083
20245
62346
54948
91824
78314
7671
89659
5892
95352
29311
9902
48450
72925
72117
15624
28916
78177
54914
66901
85645
69899
75983
30950
50944
2167
20496
8240
22748
93568
8333
84115
77701
90775
36462
50168
92815
24597
32611
63956
34745
26637
16365
91082
41732
44218
845
31916
50543
14680
29734
60545
23888
92111
9713
83778
12241
10186
47485
34847
93189
44422
47809
94431
75494
8198
3552
31012
37836
74947
70776
28845
52843
43712
12647
73205
52618
18203
54554
73752
68763
31008
89747
2294
99004
63896
75286
66384
10057
61374
14576
77392
4572
38514
93989
23717
56323
44327
2261
79723
34971
50775
56009
48297
11982
20630
85824
59860
15591
98307
84753
82161
92814
2395
51996
48312
65508
93064
27889
63476
60
98615
6492
25223
82292
30919
10412
1194
61071
85149
96735
89105
37457
33877
72556
85421
18166
24787
3372
90412
94415
7959
90309
6011
60538
45038
12469
21483
99581
46565
17143
84913
97982
68921
51957
39847
29154
8138
28843
36529
40512
4942
81747
85242
26721
78145
35379
46525
31735
11610
27199
77471
38263
83673
48428
793
62932
20093
61810
30835
14426
22802
11324
69740
50883
63847
75728
65014
4345
88446
40149
34367
74217
53852
86278
8010
86400
41472
19218
47867
76357
97104
365
21266
89746
36367
60951
65423
16465
36524
37703
63060
53871
96819
65140
51112
39135
96102
99167
27991
88750
32455
22368
8983
91806
13356
19275
71077
78337
97909
89535
63278
23860
21145
85963
71658
37621
13916
6877
31842
43235
12862
23048
95506
7921
14765
69106
89354
92454
15802
27416
81422
65844
74889
29534
33341
3762
46946
62934
8623
56728
33540
67723
45400
69687
4985
49036
97865
52211
17477
26544
78166
66207
84984
62570
83153
90195
81347
93418
501
171
95623
68749
54623
25407
11849
13923
33559
22011
35041
24507
39917
602
91794
10797
95101
71620
81268
56067
40437
97
15277
13925
7214
77688
70910
27104
46933
68137
43737
29778
32846
4740
57489
93364
90734
13636
9290
80132
74375
71819
23375
4814
481
39162
18818
10871
18979
26285
3789
52102
54576
76114
46648
36816
37902
8420
3636
12670
21571
24296
54004
44060
10040
38531
17211
85984
13439
26198
5360
87029
2609
58871
88302
7044
58416
73453
7352
9118
36907
25288
27882
37192
84768
80026
39882
17956
74587
84374
33565
85336
88413
19428
77046
75997
71256
62109
70666
8965
30486
92969
28287
63306
16218
94963
31939
93071
15550
9126
75256
29526
77691
18311
21485
4126
63463
75918
67496
11349
72921
513
98975
79106
84136
3023
77062
18888
90481
42023
46978
8280
79352
9490
75420
74678
25925
97107
12465
51141
59151
71066
89703
76178
22871
70303
14138
93722
61195
81793
19093
86681
34603
53339
35260
39600
76200
92959
82213
28082
98536
50195
88775
28107
64423
9157
46186
17262
38679
61611
16830
92825
47528
43579
64392
84935
26050
91044
58423
93170
22383
9192
42453
94466
14998
17430
15737
55351
83362
2568
29721
25839
47745
35542
64860
19252
32552
80244
81485
66373
70164
7791
90636
26751
64427
8800
47711
87688
91073
80810
96614
68280
39990
29238
85868
21061
77885
51848
51353
63817
44696
36829
87268
69554
12031
82596
59014
58054
74719
60150
89706
98672
46431
51379
6656
61611
25565
45242
85809
98314
47735
10053
7084
91618
97638
41535
10591
9941
75653
99587
20066
99740
99087
66802
54829
14480
66150
44240
93097
89941
51600
88924
82948
37027
65404
96618
41470
87826
48291
8223
43905
60257
17161
15177
39565
33475
99618
87736
84401
54599
13105
15004
85942
99971
652
11548
11989
58045
63867
92272
57097
67125
74176
7324
14335
54257
98448
5226
76266
88486
46335
68547
84275
50401
91066
15753
44621
68848
21198
13236
32710
23119
